Automatically generated mesh
    1260
Reciprocal lattice
    0.00000000000000    0.00000000000000    0.00000000000000             1
    0.05263157894737    0.00000000000000    0.00000000000000             2
    0.10526315789474    0.00000000000000    0.00000000000000             2
    0.15789473684210    0.00000000000000    0.00000000000000             2
    0.21052631578947    0.00000000000000    0.00000000000000             2
    0.26315789473684    0.00000000000000    0.00000000000000             2
    0.31578947368421    0.00000000000000    0.00000000000000             2
    0.36842105263158    0.00000000000000    0.00000000000000             2
    0.42105263157895    0.00000000000000    0.00000000000000             2
    0.47368421052632    0.00000000000000    0.00000000000000             2
    0.00000000000000    0.03703703703704    0.00000000000000             2
    0.05263157894737    0.03703703703704    0.00000000000000             4
    0.10526315789474    0.03703703703704    0.00000000000000             4
    0.15789473684210    0.03703703703704    0.00000000000000             4
    0.21052631578947    0.03703703703704    0.00000000000000             4
    0.26315789473684    0.03703703703704    0.00000000000000             4
    0.31578947368421    0.03703703703704    0.00000000000000             4
    0.36842105263158    0.03703703703704    0.00000000000000             4
    0.42105263157895    0.03703703703704    0.00000000000000             4
    0.47368421052632    0.03703703703704    0.00000000000000             4
    0.00000000000000    0.07407407407408    0.00000000000000             2
    0.05263157894737    0.07407407407408    0.00000000000000             4
    0.10526315789474    0.07407407407408    0.00000000000000             4
    0.15789473684210    0.07407407407408    0.00000000000000             4
    0.21052631578947    0.07407407407408    0.00000000000000             4
    0.26315789473684    0.07407407407408    0.00000000000000             4
    0.31578947368421    0.07407407407408    0.00000000000000             4
    0.36842105263158    0.07407407407408    0.00000000000000             4
    0.42105263157895    0.07407407407408    0.00000000000000             4
    0.47368421052632    0.07407407407408    0.00000000000000             4
    0.00000000000000    0.11111111111111    0.00000000000000             2
    0.05263157894737    0.11111111111111    0.00000000000000             4
    0.10526315789474    0.11111111111111    0.00000000000000             4
    0.15789473684210    0.11111111111111    0.00000000000000             4
    0.21052631578947    0.11111111111111    0.00000000000000             4
    0.26315789473684    0.11111111111111    0.00000000000000             4
    0.31578947368421    0.11111111111111    0.00000000000000             4
    0.36842105263158    0.11111111111111    0.00000000000000             4
    0.42105263157895    0.11111111111111    0.00000000000000             4
    0.47368421052632    0.11111111111111    0.00000000000000             4
    0.00000000000000    0.14814814814815    0.00000000000000             2
    0.05263157894737    0.14814814814815    0.00000000000000             4
    0.10526315789474    0.14814814814815    0.00000000000000             4
    0.15789473684210    0.14814814814815    0.00000000000000             4
    0.21052631578947    0.14814814814815    0.00000000000000             4
    0.26315789473684    0.14814814814815    0.00000000000000             4
    0.31578947368421    0.14814814814815    0.00000000000000             4
    0.36842105263158    0.14814814814815    0.00000000000000             4
    0.42105263157895    0.14814814814815    0.00000000000000             4
    0.47368421052632    0.14814814814815    0.00000000000000             4
    0.00000000000000    0.18518518518518    0.00000000000000             2
    0.05263157894737    0.18518518518518    0.00000000000000             4
    0.10526315789474    0.18518518518518    0.00000000000000             4
    0.15789473684210    0.18518518518518    0.00000000000000             4
    0.21052631578947    0.18518518518518    0.00000000000000             4
    0.26315789473684    0.18518518518518    0.00000000000000             4
    0.31578947368421    0.18518518518518    0.00000000000000             4
    0.36842105263158    0.18518518518518    0.00000000000000             4
    0.42105263157895    0.18518518518518    0.00000000000000             4
    0.47368421052632    0.18518518518518    0.00000000000000             4
    0.00000000000000    0.22222222222222    0.00000000000000             2
    0.05263157894737    0.22222222222222    0.00000000000000             4
    0.10526315789474    0.22222222222222    0.00000000000000             4
    0.15789473684210    0.22222222222222    0.00000000000000             4
    0.21052631578947    0.22222222222222    0.00000000000000             4
    0.26315789473684    0.22222222222222    0.00000000000000             4
    0.31578947368421    0.22222222222222    0.00000000000000             4
    0.36842105263158    0.22222222222222    0.00000000000000             4
    0.42105263157895    0.22222222222222    0.00000000000000             4
    0.47368421052632    0.22222222222222    0.00000000000000             4
    0.00000000000000    0.25925925925926    0.00000000000000             2
    0.05263157894737    0.25925925925926    0.00000000000000             4
    0.10526315789474    0.25925925925926    0.00000000000000             4
    0.15789473684210    0.25925925925926    0.00000000000000             4
    0.21052631578947    0.25925925925926    0.00000000000000             4
    0.26315789473684    0.25925925925926    0.00000000000000             4
    0.31578947368421    0.25925925925926    0.00000000000000             4
    0.36842105263158    0.25925925925926    0.00000000000000             4
    0.42105263157895    0.25925925925926    0.00000000000000             4
    0.47368421052632    0.25925925925926    0.00000000000000             4
    0.00000000000000    0.29629629629630    0.00000000000000             2
    0.05263157894737    0.29629629629630    0.00000000000000             4
    0.10526315789474    0.29629629629630    0.00000000000000             4
    0.15789473684210    0.29629629629630    0.00000000000000             4
    0.21052631578947    0.29629629629630    0.00000000000000             4
    0.26315789473684    0.29629629629630    0.00000000000000             4
    0.31578947368421    0.29629629629630    0.00000000000000             4
    0.36842105263158    0.29629629629630    0.00000000000000             4
    0.42105263157895    0.29629629629630    0.00000000000000             4
    0.47368421052632    0.29629629629630    0.00000000000000             4
    0.00000000000000    0.33333333333334    0.00000000000000             2
    0.05263157894737    0.33333333333334    0.00000000000000             4
    0.10526315789474    0.33333333333334    0.00000000000000             4
    0.15789473684210    0.33333333333334    0.00000000000000             4
    0.21052631578947    0.33333333333334    0.00000000000000             4
    0.26315789473684    0.33333333333334    0.00000000000000             4
    0.31578947368421    0.33333333333334    0.00000000000000             4
    0.36842105263158    0.33333333333334    0.00000000000000             4
    0.42105263157895    0.33333333333334    0.00000000000000             4
    0.47368421052632    0.33333333333334    0.00000000000000             4
    0.00000000000000    0.37037037037037    0.00000000000000             2
    0.05263157894737    0.37037037037037    0.00000000000000             4
    0.10526315789474    0.37037037037037    0.00000000000000             4
    0.15789473684210    0.37037037037037    0.00000000000000             4
    0.21052631578947    0.37037037037037    0.00000000000000             4
    0.26315789473684    0.37037037037037    0.00000000000000             4
    0.31578947368421    0.37037037037037    0.00000000000000             4
    0.36842105263158    0.37037037037037    0.00000000000000             4
    0.42105263157895    0.37037037037037    0.00000000000000             4
    0.47368421052632    0.37037037037037    0.00000000000000             4
    0.00000000000000    0.40740740740740    0.00000000000000             2
    0.05263157894737    0.40740740740740    0.00000000000000             4
    0.10526315789474    0.40740740740740    0.00000000000000             4
    0.15789473684210    0.40740740740740    0.00000000000000             4
    0.21052631578947    0.40740740740740    0.00000000000000             4
    0.26315789473684    0.40740740740740    0.00000000000000             4
    0.31578947368421    0.40740740740740    0.00000000000000             4
    0.36842105263158    0.40740740740740    0.00000000000000             4
    0.42105263157895    0.40740740740740    0.00000000000000             4
    0.47368421052632    0.40740740740740    0.00000000000000             4
    0.00000000000000    0.44444444444444    0.00000000000000             2
    0.05263157894737    0.44444444444444    0.00000000000000             4
    0.10526315789474    0.44444444444444    0.00000000000000             4
    0.15789473684210    0.44444444444444    0.00000000000000             4
    0.21052631578947    0.44444444444444    0.00000000000000             4
    0.26315789473684    0.44444444444444    0.00000000000000             4
    0.31578947368421    0.44444444444444    0.00000000000000             4
    0.36842105263158    0.44444444444444    0.00000000000000             4
    0.42105263157895    0.44444444444444    0.00000000000000             4
    0.47368421052632    0.44444444444444    0.00000000000000             4
    0.00000000000000    0.48148148148148    0.00000000000000             2
    0.05263157894737    0.48148148148148    0.00000000000000             4
    0.10526315789474    0.48148148148148    0.00000000000000             4
    0.15789473684210    0.48148148148148    0.00000000000000             4
    0.21052631578947    0.48148148148148    0.00000000000000             4
    0.26315789473684    0.48148148148148    0.00000000000000             4
    0.31578947368421    0.48148148148148    0.00000000000000             4
    0.36842105263158    0.48148148148148    0.00000000000000             4
    0.42105263157895    0.48148148148148    0.00000000000000             4
    0.47368421052632    0.48148148148148    0.00000000000000             4
    0.00000000000000    0.00000000000000    0.05882352941177             2
    0.05263157894737    0.00000000000000    0.05882352941177             4
    0.10526315789474    0.00000000000000    0.05882352941177             4
    0.15789473684210    0.00000000000000    0.05882352941177             4
    0.21052631578947    0.00000000000000    0.05882352941177             4
    0.26315789473684    0.00000000000000    0.05882352941177             4
    0.31578947368421    0.00000000000000    0.05882352941177             4
    0.36842105263158    0.00000000000000    0.05882352941177             4
    0.42105263157895    0.00000000000000    0.05882352941177             4
    0.47368421052632    0.00000000000000    0.05882352941177             4
    0.00000000000000    0.03703703703704    0.05882352941177             4
    0.05263157894737    0.03703703703704    0.05882352941177             8
    0.10526315789474    0.03703703703704    0.05882352941177             8
    0.15789473684210    0.03703703703704    0.05882352941177             8
    0.21052631578947    0.03703703703704    0.05882352941177             8
    0.26315789473684    0.03703703703704    0.05882352941177             8
    0.31578947368421    0.03703703703704    0.05882352941177             8
    0.36842105263158    0.03703703703704    0.05882352941177             8
    0.42105263157895    0.03703703703704    0.05882352941177             8
    0.47368421052632    0.03703703703704    0.05882352941177             8
    0.00000000000000    0.07407407407408    0.05882352941177             4
    0.05263157894737    0.07407407407408    0.05882352941177             8
    0.10526315789474    0.07407407407408    0.05882352941177             8
    0.15789473684210    0.07407407407408    0.05882352941177             8
    0.21052631578947    0.07407407407408    0.05882352941177             8
    0.26315789473684    0.07407407407408    0.05882352941177             8
    0.31578947368421    0.07407407407408    0.05882352941177             8
    0.36842105263158    0.07407407407408    0.05882352941177             8
    0.42105263157895    0.07407407407408    0.05882352941177             8
    0.47368421052632    0.07407407407408    0.05882352941177             8
    0.00000000000000    0.11111111111111    0.05882352941177             4
    0.05263157894737    0.11111111111111    0.05882352941177             8
    0.10526315789474    0.11111111111111    0.05882352941177             8
    0.15789473684210    0.11111111111111    0.05882352941177             8
    0.21052631578947    0.11111111111111    0.05882352941177             8
    0.26315789473684    0.11111111111111    0.05882352941177             8
    0.31578947368421    0.11111111111111    0.05882352941177             8
    0.36842105263158    0.11111111111111    0.05882352941177             8
    0.42105263157895    0.11111111111111    0.05882352941177             8
    0.47368421052632    0.11111111111111    0.05882352941177             8
    0.00000000000000    0.14814814814815    0.05882352941177             4
    0.05263157894737    0.14814814814815    0.05882352941177             8
    0.10526315789474    0.14814814814815    0.05882352941177             8
    0.15789473684210    0.14814814814815    0.05882352941177             8
    0.21052631578947    0.14814814814815    0.05882352941177             8
    0.26315789473684    0.14814814814815    0.05882352941177             8
    0.31578947368421    0.14814814814815    0.05882352941177             8
    0.36842105263158    0.14814814814815    0.05882352941177             8
    0.42105263157895    0.14814814814815    0.05882352941177             8
    0.47368421052632    0.14814814814815    0.05882352941177             8
    0.00000000000000    0.18518518518518    0.05882352941177             4
    0.05263157894737    0.18518518518518    0.05882352941177             8
    0.10526315789474    0.18518518518518    0.05882352941177             8
    0.15789473684210    0.18518518518518    0.05882352941177             8
    0.21052631578947    0.18518518518518    0.05882352941177             8
    0.26315789473684    0.18518518518518    0.05882352941177             8
    0.31578947368421    0.18518518518518    0.05882352941177             8
    0.36842105263158    0.18518518518518    0.05882352941177             8
    0.42105263157895    0.18518518518518    0.05882352941177             8
    0.47368421052632    0.18518518518518    0.05882352941177             8
    0.00000000000000    0.22222222222222    0.05882352941177             4
    0.05263157894737    0.22222222222222    0.05882352941177             8
    0.10526315789474    0.22222222222222    0.05882352941177             8
    0.15789473684210    0.22222222222222    0.05882352941177             8
    0.21052631578947    0.22222222222222    0.05882352941177             8
    0.26315789473684    0.22222222222222    0.05882352941177             8
    0.31578947368421    0.22222222222222    0.05882352941177             8
    0.36842105263158    0.22222222222222    0.05882352941177             8
    0.42105263157895    0.22222222222222    0.05882352941177             8
    0.47368421052632    0.22222222222222    0.05882352941177             8
    0.00000000000000    0.25925925925926    0.05882352941177             4
    0.05263157894737    0.25925925925926    0.05882352941177             8
    0.10526315789474    0.25925925925926    0.05882352941177             8
    0.15789473684210    0.25925925925926    0.05882352941177             8
    0.21052631578947    0.25925925925926    0.05882352941177             8
    0.26315789473684    0.25925925925926    0.05882352941177             8
    0.31578947368421    0.25925925925926    0.05882352941177             8
    0.36842105263158    0.25925925925926    0.05882352941177             8
    0.42105263157895    0.25925925925926    0.05882352941177             8
    0.47368421052632    0.25925925925926    0.05882352941177             8
    0.00000000000000    0.29629629629630    0.05882352941177             4
    0.05263157894737    0.29629629629630    0.05882352941177             8
    0.10526315789474    0.29629629629630    0.05882352941177             8
    0.15789473684210    0.29629629629630    0.05882352941177             8
    0.21052631578947    0.29629629629630    0.05882352941177             8
    0.26315789473684    0.29629629629630    0.05882352941177             8
    0.31578947368421    0.29629629629630    0.05882352941177             8
    0.36842105263158    0.29629629629630    0.05882352941177             8
    0.42105263157895    0.29629629629630    0.05882352941177             8
    0.47368421052632    0.29629629629630    0.05882352941177             8
    0.00000000000000    0.33333333333334    0.05882352941177             4
    0.05263157894737    0.33333333333334    0.05882352941177             8
    0.10526315789474    0.33333333333334    0.05882352941177             8
    0.15789473684210    0.33333333333334    0.05882352941177             8
    0.21052631578947    0.33333333333334    0.05882352941177             8
    0.26315789473684    0.33333333333334    0.05882352941177             8
    0.31578947368421    0.33333333333334    0.05882352941177             8
    0.36842105263158    0.33333333333334    0.05882352941177             8
    0.42105263157895    0.33333333333334    0.05882352941177             8
    0.47368421052632    0.33333333333334    0.05882352941177             8
    0.00000000000000    0.37037037037037    0.05882352941177             4
    0.05263157894737    0.37037037037037    0.05882352941177             8
    0.10526315789474    0.37037037037037    0.05882352941177             8
    0.15789473684210    0.37037037037037    0.05882352941177             8
    0.21052631578947    0.37037037037037    0.05882352941177             8
    0.26315789473684    0.37037037037037    0.05882352941177             8
    0.31578947368421    0.37037037037037    0.05882352941177             8
    0.36842105263158    0.37037037037037    0.05882352941177             8
    0.42105263157895    0.37037037037037    0.05882352941177             8
    0.47368421052632    0.37037037037037    0.05882352941177             8
    0.00000000000000    0.40740740740740    0.05882352941177             4
    0.05263157894737    0.40740740740740    0.05882352941177             8
    0.10526315789474    0.40740740740740    0.05882352941177             8
    0.15789473684210    0.40740740740740    0.05882352941177             8
    0.21052631578947    0.40740740740740    0.05882352941177             8
    0.26315789473684    0.40740740740740    0.05882352941177             8
    0.31578947368421    0.40740740740740    0.05882352941177             8
    0.36842105263158    0.40740740740740    0.05882352941177             8
    0.42105263157895    0.40740740740740    0.05882352941177             8
    0.47368421052632    0.40740740740740    0.05882352941177             8
    0.00000000000000    0.44444444444444    0.05882352941177             4
    0.05263157894737    0.44444444444444    0.05882352941177             8
    0.10526315789474    0.44444444444444    0.05882352941177             8
    0.15789473684210    0.44444444444444    0.05882352941177             8
    0.21052631578947    0.44444444444444    0.05882352941177             8
    0.26315789473684    0.44444444444444    0.05882352941177             8
    0.31578947368421    0.44444444444444    0.05882352941177             8
    0.36842105263158    0.44444444444444    0.05882352941177             8
    0.42105263157895    0.44444444444444    0.05882352941177             8
    0.47368421052632    0.44444444444444    0.05882352941177             8
    0.00000000000000    0.48148148148148    0.05882352941177             4
    0.05263157894737    0.48148148148148    0.05882352941177             8
    0.10526315789474    0.48148148148148    0.05882352941177             8
    0.15789473684210    0.48148148148148    0.05882352941177             8
    0.21052631578947    0.48148148148148    0.05882352941177             8
    0.26315789473684    0.48148148148148    0.05882352941177             8
    0.31578947368421    0.48148148148148    0.05882352941177             8
    0.36842105263158    0.48148148148148    0.05882352941177             8
    0.42105263157895    0.48148148148148    0.05882352941177             8
    0.47368421052632    0.48148148148148    0.05882352941177             8
    0.00000000000000    0.00000000000000    0.11764705882353             2
    0.05263157894737    0.00000000000000    0.11764705882353             4
    0.10526315789474    0.00000000000000    0.11764705882353             4
    0.15789473684210    0.00000000000000    0.11764705882353             4
    0.21052631578947    0.00000000000000    0.11764705882353             4
    0.26315789473684    0.00000000000000    0.11764705882353             4
    0.31578947368421    0.00000000000000    0.11764705882353             4
    0.36842105263158    0.00000000000000    0.11764705882353             4
    0.42105263157895    0.00000000000000    0.11764705882353             4
    0.47368421052632    0.00000000000000    0.11764705882353             4
    0.00000000000000    0.03703703703704    0.11764705882353             4
    0.05263157894737    0.03703703703704    0.11764705882353             8
    0.10526315789474    0.03703703703704    0.11764705882353             8
    0.15789473684210    0.03703703703704    0.11764705882353             8
    0.21052631578947    0.03703703703704    0.11764705882353             8
    0.26315789473684    0.03703703703704    0.11764705882353             8
    0.31578947368421    0.03703703703704    0.11764705882353             8
    0.36842105263158    0.03703703703704    0.11764705882353             8
    0.42105263157895    0.03703703703704    0.11764705882353             8
    0.47368421052632    0.03703703703704    0.11764705882353             8
    0.00000000000000    0.07407407407408    0.11764705882353             4
    0.05263157894737    0.07407407407408    0.11764705882353             8
    0.10526315789474    0.07407407407408    0.11764705882353             8
    0.15789473684210    0.07407407407408    0.11764705882353             8
    0.21052631578947    0.07407407407408    0.11764705882353             8
    0.26315789473684    0.07407407407408    0.11764705882353             8
    0.31578947368421    0.07407407407408    0.11764705882353             8
    0.36842105263158    0.07407407407408    0.11764705882353             8
    0.42105263157895    0.07407407407408    0.11764705882353             8
    0.47368421052632    0.07407407407408    0.11764705882353             8
    0.00000000000000    0.11111111111111    0.11764705882353             4
    0.05263157894737    0.11111111111111    0.11764705882353             8
    0.10526315789474    0.11111111111111    0.11764705882353             8
    0.15789473684210    0.11111111111111    0.11764705882353             8
    0.21052631578947    0.11111111111111    0.11764705882353             8
    0.26315789473684    0.11111111111111    0.11764705882353             8
    0.31578947368421    0.11111111111111    0.11764705882353             8
    0.36842105263158    0.11111111111111    0.11764705882353             8
    0.42105263157895    0.11111111111111    0.11764705882353             8
    0.47368421052632    0.11111111111111    0.11764705882353             8
    0.00000000000000    0.14814814814815    0.11764705882353             4
    0.05263157894737    0.14814814814815    0.11764705882353             8
    0.10526315789474    0.14814814814815    0.11764705882353             8
    0.15789473684210    0.14814814814815    0.11764705882353             8
    0.21052631578947    0.14814814814815    0.11764705882353             8
    0.26315789473684    0.14814814814815    0.11764705882353             8
    0.31578947368421    0.14814814814815    0.11764705882353             8
    0.36842105263158    0.14814814814815    0.11764705882353             8
    0.42105263157895    0.14814814814815    0.11764705882353             8
    0.47368421052632    0.14814814814815    0.11764705882353             8
    0.00000000000000    0.18518518518518    0.11764705882353             4
    0.05263157894737    0.18518518518518    0.11764705882353             8
    0.10526315789474    0.18518518518518    0.11764705882353             8
    0.15789473684210    0.18518518518518    0.11764705882353             8
    0.21052631578947    0.18518518518518    0.11764705882353             8
    0.26315789473684    0.18518518518518    0.11764705882353             8
    0.31578947368421    0.18518518518518    0.11764705882353             8
    0.36842105263158    0.18518518518518    0.11764705882353             8
    0.42105263157895    0.18518518518518    0.11764705882353             8
    0.47368421052632    0.18518518518518    0.11764705882353             8
    0.00000000000000    0.22222222222222    0.11764705882353             4
    0.05263157894737    0.22222222222222    0.11764705882353             8
    0.10526315789474    0.22222222222222    0.11764705882353             8
    0.15789473684210    0.22222222222222    0.11764705882353             8
    0.21052631578947    0.22222222222222    0.11764705882353             8
    0.26315789473684    0.22222222222222    0.11764705882353             8
    0.31578947368421    0.22222222222222    0.11764705882353             8
    0.36842105263158    0.22222222222222    0.11764705882353             8
    0.42105263157895    0.22222222222222    0.11764705882353             8
    0.47368421052632    0.22222222222222    0.11764705882353             8
    0.00000000000000    0.25925925925926    0.11764705882353             4
    0.05263157894737    0.25925925925926    0.11764705882353             8
    0.10526315789474    0.25925925925926    0.11764705882353             8
    0.15789473684210    0.25925925925926    0.11764705882353             8
    0.21052631578947    0.25925925925926    0.11764705882353             8
    0.26315789473684    0.25925925925926    0.11764705882353             8
    0.31578947368421    0.25925925925926    0.11764705882353             8
    0.36842105263158    0.25925925925926    0.11764705882353             8
    0.42105263157895    0.25925925925926    0.11764705882353             8
    0.47368421052632    0.25925925925926    0.11764705882353             8
    0.00000000000000    0.29629629629630    0.11764705882353             4
    0.05263157894737    0.29629629629630    0.11764705882353             8
    0.10526315789474    0.29629629629630    0.11764705882353             8
    0.15789473684210    0.29629629629630    0.11764705882353             8
    0.21052631578947    0.29629629629630    0.11764705882353             8
    0.26315789473684    0.29629629629630    0.11764705882353             8
    0.31578947368421    0.29629629629630    0.11764705882353             8
    0.36842105263158    0.29629629629630    0.11764705882353             8
    0.42105263157895    0.29629629629630    0.11764705882353             8
    0.47368421052632    0.29629629629630    0.11764705882353             8
    0.00000000000000    0.33333333333334    0.11764705882353             4
    0.05263157894737    0.33333333333334    0.11764705882353             8
    0.10526315789474    0.33333333333334    0.11764705882353             8
    0.15789473684210    0.33333333333334    0.11764705882353             8
    0.21052631578947    0.33333333333334    0.11764705882353             8
    0.26315789473684    0.33333333333334    0.11764705882353             8
    0.31578947368421    0.33333333333334    0.11764705882353             8
    0.36842105263158    0.33333333333334    0.11764705882353             8
    0.42105263157895    0.33333333333334    0.11764705882353             8
    0.47368421052632    0.33333333333334    0.11764705882353             8
    0.00000000000000    0.37037037037037    0.11764705882353             4
    0.05263157894737    0.37037037037037    0.11764705882353             8
    0.10526315789474    0.37037037037037    0.11764705882353             8
    0.15789473684210    0.37037037037037    0.11764705882353             8
    0.21052631578947    0.37037037037037    0.11764705882353             8
    0.26315789473684    0.37037037037037    0.11764705882353             8
    0.31578947368421    0.37037037037037    0.11764705882353             8
    0.36842105263158    0.37037037037037    0.11764705882353             8
    0.42105263157895    0.37037037037037    0.11764705882353             8
    0.47368421052632    0.37037037037037    0.11764705882353             8
    0.00000000000000    0.40740740740740    0.11764705882353             4
    0.05263157894737    0.40740740740740    0.11764705882353             8
    0.10526315789474    0.40740740740740    0.11764705882353             8
    0.15789473684210    0.40740740740740    0.11764705882353             8
    0.21052631578947    0.40740740740740    0.11764705882353             8
    0.26315789473684    0.40740740740740    0.11764705882353             8
    0.31578947368421    0.40740740740740    0.11764705882353             8
    0.36842105263158    0.40740740740740    0.11764705882353             8
    0.42105263157895    0.40740740740740    0.11764705882353             8
    0.47368421052632    0.40740740740740    0.11764705882353             8
    0.00000000000000    0.44444444444444    0.11764705882353             4
    0.05263157894737    0.44444444444444    0.11764705882353             8
    0.10526315789474    0.44444444444444    0.11764705882353             8
    0.15789473684210    0.44444444444444    0.11764705882353             8
    0.21052631578947    0.44444444444444    0.11764705882353             8
    0.26315789473684    0.44444444444444    0.11764705882353             8
    0.31578947368421    0.44444444444444    0.11764705882353             8
    0.36842105263158    0.44444444444444    0.11764705882353             8
    0.42105263157895    0.44444444444444    0.11764705882353             8
    0.47368421052632    0.44444444444444    0.11764705882353             8
    0.00000000000000    0.48148148148148    0.11764705882353             4
    0.05263157894737    0.48148148148148    0.11764705882353             8
    0.10526315789474    0.48148148148148    0.11764705882353             8
    0.15789473684210    0.48148148148148    0.11764705882353             8
    0.21052631578947    0.48148148148148    0.11764705882353             8
    0.26315789473684    0.48148148148148    0.11764705882353             8
    0.31578947368421    0.48148148148148    0.11764705882353             8
    0.36842105263158    0.48148148148148    0.11764705882353             8
    0.42105263157895    0.48148148148148    0.11764705882353             8
    0.47368421052632    0.48148148148148    0.11764705882353             8
    0.00000000000000    0.00000000000000    0.17647058823530             2
    0.05263157894737    0.00000000000000    0.17647058823530             4
    0.10526315789474    0.00000000000000    0.17647058823530             4
    0.15789473684210    0.00000000000000    0.17647058823530             4
    0.21052631578947    0.00000000000000    0.17647058823530             4
    0.26315789473684    0.00000000000000    0.17647058823530             4
    0.31578947368421    0.00000000000000    0.17647058823530             4
    0.36842105263158    0.00000000000000    0.17647058823530             4
    0.42105263157895    0.00000000000000    0.17647058823530             4
    0.47368421052632    0.00000000000000    0.17647058823530             4
    0.00000000000000    0.03703703703704    0.17647058823530             4
    0.05263157894737    0.03703703703704    0.17647058823530             8
    0.10526315789474    0.03703703703704    0.17647058823530             8
    0.15789473684210    0.03703703703704    0.17647058823530             8
    0.21052631578947    0.03703703703704    0.17647058823530             8
    0.26315789473684    0.03703703703704    0.17647058823530             8
    0.31578947368421    0.03703703703704    0.17647058823530             8
    0.36842105263158    0.03703703703704    0.17647058823530             8
    0.42105263157895    0.03703703703704    0.17647058823530             8
    0.47368421052632    0.03703703703704    0.17647058823530             8
    0.00000000000000    0.07407407407408    0.17647058823530             4
    0.05263157894737    0.07407407407408    0.17647058823530             8
    0.10526315789474    0.07407407407408    0.17647058823530             8
    0.15789473684210    0.07407407407408    0.17647058823530             8
    0.21052631578947    0.07407407407408    0.17647058823530             8
    0.26315789473684    0.07407407407408    0.17647058823530             8
    0.31578947368421    0.07407407407408    0.17647058823530             8
    0.36842105263158    0.07407407407408    0.17647058823530             8
    0.42105263157895    0.07407407407408    0.17647058823530             8
    0.47368421052632    0.07407407407408    0.17647058823530             8
    0.00000000000000    0.11111111111111    0.17647058823530             4
    0.05263157894737    0.11111111111111    0.17647058823530             8
    0.10526315789474    0.11111111111111    0.17647058823530             8
    0.15789473684210    0.11111111111111    0.17647058823530             8
    0.21052631578947    0.11111111111111    0.17647058823530             8
    0.26315789473684    0.11111111111111    0.17647058823530             8
    0.31578947368421    0.11111111111111    0.17647058823530             8
    0.36842105263158    0.11111111111111    0.17647058823530             8
    0.42105263157895    0.11111111111111    0.17647058823530             8
    0.47368421052632    0.11111111111111    0.17647058823530             8
    0.00000000000000    0.14814814814815    0.17647058823530             4
    0.05263157894737    0.14814814814815    0.17647058823530             8
    0.10526315789474    0.14814814814815    0.17647058823530             8
    0.15789473684210    0.14814814814815    0.17647058823530             8
    0.21052631578947    0.14814814814815    0.17647058823530             8
    0.26315789473684    0.14814814814815    0.17647058823530             8
    0.31578947368421    0.14814814814815    0.17647058823530             8
    0.36842105263158    0.14814814814815    0.17647058823530             8
    0.42105263157895    0.14814814814815    0.17647058823530             8
    0.47368421052632    0.14814814814815    0.17647058823530             8
    0.00000000000000    0.18518518518518    0.17647058823530             4
    0.05263157894737    0.18518518518518    0.17647058823530             8
    0.10526315789474    0.18518518518518    0.17647058823530             8
    0.15789473684210    0.18518518518518    0.17647058823530             8
    0.21052631578947    0.18518518518518    0.17647058823530             8
    0.26315789473684    0.18518518518518    0.17647058823530             8
    0.31578947368421    0.18518518518518    0.17647058823530             8
    0.36842105263158    0.18518518518518    0.17647058823530             8
    0.42105263157895    0.18518518518518    0.17647058823530             8
    0.47368421052632    0.18518518518518    0.17647058823530             8
    0.00000000000000    0.22222222222222    0.17647058823530             4
    0.05263157894737    0.22222222222222    0.17647058823530             8
    0.10526315789474    0.22222222222222    0.17647058823530             8
    0.15789473684210    0.22222222222222    0.17647058823530             8
    0.21052631578947    0.22222222222222    0.17647058823530             8
    0.26315789473684    0.22222222222222    0.17647058823530             8
    0.31578947368421    0.22222222222222    0.17647058823530             8
    0.36842105263158    0.22222222222222    0.17647058823530             8
    0.42105263157895    0.22222222222222    0.17647058823530             8
    0.47368421052632    0.22222222222222    0.17647058823530             8
    0.00000000000000    0.25925925925926    0.17647058823530             4
    0.05263157894737    0.25925925925926    0.17647058823530             8
    0.10526315789474    0.25925925925926    0.17647058823530             8
    0.15789473684210    0.25925925925926    0.17647058823530             8
    0.21052631578947    0.25925925925926    0.17647058823530             8
    0.26315789473684    0.25925925925926    0.17647058823530             8
    0.31578947368421    0.25925925925926    0.17647058823530             8
    0.36842105263158    0.25925925925926    0.17647058823530             8
    0.42105263157895    0.25925925925926    0.17647058823530             8
    0.47368421052632    0.25925925925926    0.17647058823530             8
    0.00000000000000    0.29629629629630    0.17647058823530             4
    0.05263157894737    0.29629629629630    0.17647058823530             8
    0.10526315789474    0.29629629629630    0.17647058823530             8
    0.15789473684210    0.29629629629630    0.17647058823530             8
    0.21052631578947    0.29629629629630    0.17647058823530             8
    0.26315789473684    0.29629629629630    0.17647058823530             8
    0.31578947368421    0.29629629629630    0.17647058823530             8
    0.36842105263158    0.29629629629630    0.17647058823530             8
    0.42105263157895    0.29629629629630    0.17647058823530             8
    0.47368421052632    0.29629629629630    0.17647058823530             8
    0.00000000000000    0.33333333333334    0.17647058823530             4
    0.05263157894737    0.33333333333334    0.17647058823530             8
    0.10526315789474    0.33333333333334    0.17647058823530             8
    0.15789473684210    0.33333333333334    0.17647058823530             8
    0.21052631578947    0.33333333333334    0.17647058823530             8
    0.26315789473684    0.33333333333334    0.17647058823530             8
    0.31578947368421    0.33333333333334    0.17647058823530             8
    0.36842105263158    0.33333333333334    0.17647058823530             8
    0.42105263157895    0.33333333333334    0.17647058823530             8
    0.47368421052632    0.33333333333334    0.17647058823530             8
    0.00000000000000    0.37037037037037    0.17647058823530             4
    0.05263157894737    0.37037037037037    0.17647058823530             8
    0.10526315789474    0.37037037037037    0.17647058823530             8
    0.15789473684210    0.37037037037037    0.17647058823530             8
    0.21052631578947    0.37037037037037    0.17647058823530             8
    0.26315789473684    0.37037037037037    0.17647058823530             8
    0.31578947368421    0.37037037037037    0.17647058823530             8
    0.36842105263158    0.37037037037037    0.17647058823530             8
    0.42105263157895    0.37037037037037    0.17647058823530             8
    0.47368421052632    0.37037037037037    0.17647058823530             8
    0.00000000000000    0.40740740740740    0.17647058823530             4
    0.05263157894737    0.40740740740740    0.17647058823530             8
    0.10526315789474    0.40740740740740    0.17647058823530             8
    0.15789473684210    0.40740740740740    0.17647058823530             8
    0.21052631578947    0.40740740740740    0.17647058823530             8
    0.26315789473684    0.40740740740740    0.17647058823530             8
    0.31578947368421    0.40740740740740    0.17647058823530             8
    0.36842105263158    0.40740740740740    0.17647058823530             8
    0.42105263157895    0.40740740740740    0.17647058823530             8
    0.47368421052632    0.40740740740740    0.17647058823530             8
    0.00000000000000    0.44444444444444    0.17647058823530             4
    0.05263157894737    0.44444444444444    0.17647058823530             8
    0.10526315789474    0.44444444444444    0.17647058823530             8
    0.15789473684210    0.44444444444444    0.17647058823530             8
    0.21052631578947    0.44444444444444    0.17647058823530             8
    0.26315789473684    0.44444444444444    0.17647058823530             8
    0.31578947368421    0.44444444444444    0.17647058823530             8
    0.36842105263158    0.44444444444444    0.17647058823530             8
    0.42105263157895    0.44444444444444    0.17647058823530             8
    0.47368421052632    0.44444444444444    0.17647058823530             8
    0.00000000000000    0.48148148148148    0.17647058823530             4
    0.05263157894737    0.48148148148148    0.17647058823530             8
    0.10526315789474    0.48148148148148    0.17647058823530             8
    0.15789473684210    0.48148148148148    0.17647058823530             8
    0.21052631578947    0.48148148148148    0.17647058823530             8
    0.26315789473684    0.48148148148148    0.17647058823530             8
    0.31578947368421    0.48148148148148    0.17647058823530             8
    0.36842105263158    0.48148148148148    0.17647058823530             8
    0.42105263157895    0.48148148148148    0.17647058823530             8
    0.47368421052632    0.48148148148148    0.17647058823530             8
    0.00000000000000    0.00000000000000    0.23529411764706             2
    0.05263157894737    0.00000000000000    0.23529411764706             4
    0.10526315789474    0.00000000000000    0.23529411764706             4
    0.15789473684210    0.00000000000000    0.23529411764706             4
    0.21052631578947    0.00000000000000    0.23529411764706             4
    0.26315789473684    0.00000000000000    0.23529411764706             4
    0.31578947368421    0.00000000000000    0.23529411764706             4
    0.36842105263158    0.00000000000000    0.23529411764706             4
    0.42105263157895    0.00000000000000    0.23529411764706             4
    0.47368421052632    0.00000000000000    0.23529411764706             4
    0.00000000000000    0.03703703703704    0.23529411764706             4
    0.05263157894737    0.03703703703704    0.23529411764706             8
    0.10526315789474    0.03703703703704    0.23529411764706             8
    0.15789473684210    0.03703703703704    0.23529411764706             8
    0.21052631578947    0.03703703703704    0.23529411764706             8
    0.26315789473684    0.03703703703704    0.23529411764706             8
    0.31578947368421    0.03703703703704    0.23529411764706             8
    0.36842105263158    0.03703703703704    0.23529411764706             8
    0.42105263157895    0.03703703703704    0.23529411764706             8
    0.47368421052632    0.03703703703704    0.23529411764706             8
    0.00000000000000    0.07407407407408    0.23529411764706             4
    0.05263157894737    0.07407407407408    0.23529411764706             8
    0.10526315789474    0.07407407407408    0.23529411764706             8
    0.15789473684210    0.07407407407408    0.23529411764706             8
    0.21052631578947    0.07407407407408    0.23529411764706             8
    0.26315789473684    0.07407407407408    0.23529411764706             8
    0.31578947368421    0.07407407407408    0.23529411764706             8
    0.36842105263158    0.07407407407408    0.23529411764706             8
    0.42105263157895    0.07407407407408    0.23529411764706             8
    0.47368421052632    0.07407407407408    0.23529411764706             8
    0.00000000000000    0.11111111111111    0.23529411764706             4
    0.05263157894737    0.11111111111111    0.23529411764706             8
    0.10526315789474    0.11111111111111    0.23529411764706             8
    0.15789473684210    0.11111111111111    0.23529411764706             8
    0.21052631578947    0.11111111111111    0.23529411764706             8
    0.26315789473684    0.11111111111111    0.23529411764706             8
    0.31578947368421    0.11111111111111    0.23529411764706             8
    0.36842105263158    0.11111111111111    0.23529411764706             8
    0.42105263157895    0.11111111111111    0.23529411764706             8
    0.47368421052632    0.11111111111111    0.23529411764706             8
    0.00000000000000    0.14814814814815    0.23529411764706             4
    0.05263157894737    0.14814814814815    0.23529411764706             8
    0.10526315789474    0.14814814814815    0.23529411764706             8
    0.15789473684210    0.14814814814815    0.23529411764706             8
    0.21052631578947    0.14814814814815    0.23529411764706             8
    0.26315789473684    0.14814814814815    0.23529411764706             8
    0.31578947368421    0.14814814814815    0.23529411764706             8
    0.36842105263158    0.14814814814815    0.23529411764706             8
    0.42105263157895    0.14814814814815    0.23529411764706             8
    0.47368421052632    0.14814814814815    0.23529411764706             8
    0.00000000000000    0.18518518518518    0.23529411764706             4
    0.05263157894737    0.18518518518518    0.23529411764706             8
    0.10526315789474    0.18518518518518    0.23529411764706             8
    0.15789473684210    0.18518518518518    0.23529411764706             8
    0.21052631578947    0.18518518518518    0.23529411764706             8
    0.26315789473684    0.18518518518518    0.23529411764706             8
    0.31578947368421    0.18518518518518    0.23529411764706             8
    0.36842105263158    0.18518518518518    0.23529411764706             8
    0.42105263157895    0.18518518518518    0.23529411764706             8
    0.47368421052632    0.18518518518518    0.23529411764706             8
    0.00000000000000    0.22222222222222    0.23529411764706             4
    0.05263157894737    0.22222222222222    0.23529411764706             8
    0.10526315789474    0.22222222222222    0.23529411764706             8
    0.15789473684210    0.22222222222222    0.23529411764706             8
    0.21052631578947    0.22222222222222    0.23529411764706             8
    0.26315789473684    0.22222222222222    0.23529411764706             8
    0.31578947368421    0.22222222222222    0.23529411764706             8
    0.36842105263158    0.22222222222222    0.23529411764706             8
    0.42105263157895    0.22222222222222    0.23529411764706             8
    0.47368421052632    0.22222222222222    0.23529411764706             8
    0.00000000000000    0.25925925925926    0.23529411764706             4
    0.05263157894737    0.25925925925926    0.23529411764706             8
    0.10526315789474    0.25925925925926    0.23529411764706             8
    0.15789473684210    0.25925925925926    0.23529411764706             8
    0.21052631578947    0.25925925925926    0.23529411764706             8
    0.26315789473684    0.25925925925926    0.23529411764706             8
    0.31578947368421    0.25925925925926    0.23529411764706             8
    0.36842105263158    0.25925925925926    0.23529411764706             8
    0.42105263157895    0.25925925925926    0.23529411764706             8
    0.47368421052632    0.25925925925926    0.23529411764706             8
    0.00000000000000    0.29629629629630    0.23529411764706             4
    0.05263157894737    0.29629629629630    0.23529411764706             8
    0.10526315789474    0.29629629629630    0.23529411764706             8
    0.15789473684210    0.29629629629630    0.23529411764706             8
    0.21052631578947    0.29629629629630    0.23529411764706             8
    0.26315789473684    0.29629629629630    0.23529411764706             8
    0.31578947368421    0.29629629629630    0.23529411764706             8
    0.36842105263158    0.29629629629630    0.23529411764706             8
    0.42105263157895    0.29629629629630    0.23529411764706             8
    0.47368421052632    0.29629629629630    0.23529411764706             8
    0.00000000000000    0.33333333333334    0.23529411764706             4
    0.05263157894737    0.33333333333334    0.23529411764706             8
    0.10526315789474    0.33333333333334    0.23529411764706             8
    0.15789473684210    0.33333333333334    0.23529411764706             8
    0.21052631578947    0.33333333333334    0.23529411764706             8
    0.26315789473684    0.33333333333334    0.23529411764706             8
    0.31578947368421    0.33333333333334    0.23529411764706             8
    0.36842105263158    0.33333333333334    0.23529411764706             8
    0.42105263157895    0.33333333333334    0.23529411764706             8
    0.47368421052632    0.33333333333334    0.23529411764706             8
    0.00000000000000    0.37037037037037    0.23529411764706             4
    0.05263157894737    0.37037037037037    0.23529411764706             8
    0.10526315789474    0.37037037037037    0.23529411764706             8
    0.15789473684210    0.37037037037037    0.23529411764706             8
    0.21052631578947    0.37037037037037    0.23529411764706             8
    0.26315789473684    0.37037037037037    0.23529411764706             8
    0.31578947368421    0.37037037037037    0.23529411764706             8
    0.36842105263158    0.37037037037037    0.23529411764706             8
    0.42105263157895    0.37037037037037    0.23529411764706             8
    0.47368421052632    0.37037037037037    0.23529411764706             8
    0.00000000000000    0.40740740740740    0.23529411764706             4
    0.05263157894737    0.40740740740740    0.23529411764706             8
    0.10526315789474    0.40740740740740    0.23529411764706             8
    0.15789473684210    0.40740740740740    0.23529411764706             8
    0.21052631578947    0.40740740740740    0.23529411764706             8
    0.26315789473684    0.40740740740740    0.23529411764706             8
    0.31578947368421    0.40740740740740    0.23529411764706             8
    0.36842105263158    0.40740740740740    0.23529411764706             8
    0.42105263157895    0.40740740740740    0.23529411764706             8
    0.47368421052632    0.40740740740740    0.23529411764706             8
    0.00000000000000    0.44444444444444    0.23529411764706             4
    0.05263157894737    0.44444444444444    0.23529411764706             8
    0.10526315789474    0.44444444444444    0.23529411764706             8
    0.15789473684210    0.44444444444444    0.23529411764706             8
    0.21052631578947    0.44444444444444    0.23529411764706             8
    0.26315789473684    0.44444444444444    0.23529411764706             8
    0.31578947368421    0.44444444444444    0.23529411764706             8
    0.36842105263158    0.44444444444444    0.23529411764706             8
    0.42105263157895    0.44444444444444    0.23529411764706             8
    0.47368421052632    0.44444444444444    0.23529411764706             8
    0.00000000000000    0.48148148148148    0.23529411764706             4
    0.05263157894737    0.48148148148148    0.23529411764706             8
    0.10526315789474    0.48148148148148    0.23529411764706             8
    0.15789473684210    0.48148148148148    0.23529411764706             8
    0.21052631578947    0.48148148148148    0.23529411764706             8
    0.26315789473684    0.48148148148148    0.23529411764706             8
    0.31578947368421    0.48148148148148    0.23529411764706             8
    0.36842105263158    0.48148148148148    0.23529411764706             8
    0.42105263157895    0.48148148148148    0.23529411764706             8
    0.47368421052632    0.48148148148148    0.23529411764706             8
    0.00000000000000    0.00000000000000    0.29411764705883             2
    0.05263157894737    0.00000000000000    0.29411764705883             4
    0.10526315789474    0.00000000000000    0.29411764705883             4
    0.15789473684210    0.00000000000000    0.29411764705883             4
    0.21052631578947    0.00000000000000    0.29411764705883             4
    0.26315789473684    0.00000000000000    0.29411764705883             4
    0.31578947368421    0.00000000000000    0.29411764705883             4
    0.36842105263158    0.00000000000000    0.29411764705883             4
    0.42105263157895    0.00000000000000    0.29411764705883             4
    0.47368421052632    0.00000000000000    0.29411764705883             4
    0.00000000000000    0.03703703703704    0.29411764705883             4
    0.05263157894737    0.03703703703704    0.29411764705883             8
    0.10526315789474    0.03703703703704    0.29411764705883             8
    0.15789473684210    0.03703703703704    0.29411764705883             8
    0.21052631578947    0.03703703703704    0.29411764705883             8
    0.26315789473684    0.03703703703704    0.29411764705883             8
    0.31578947368421    0.03703703703704    0.29411764705883             8
    0.36842105263158    0.03703703703704    0.29411764705883             8
    0.42105263157895    0.03703703703704    0.29411764705883             8
    0.47368421052632    0.03703703703704    0.29411764705883             8
    0.00000000000000    0.07407407407408    0.29411764705883             4
    0.05263157894737    0.07407407407408    0.29411764705883             8
    0.10526315789474    0.07407407407408    0.29411764705883             8
    0.15789473684210    0.07407407407408    0.29411764705883             8
    0.21052631578947    0.07407407407408    0.29411764705883             8
    0.26315789473684    0.07407407407408    0.29411764705883             8
    0.31578947368421    0.07407407407408    0.29411764705883             8
    0.36842105263158    0.07407407407408    0.29411764705883             8
    0.42105263157895    0.07407407407408    0.29411764705883             8
    0.47368421052632    0.07407407407408    0.29411764705883             8
    0.00000000000000    0.11111111111111    0.29411764705883             4
    0.05263157894737    0.11111111111111    0.29411764705883             8
    0.10526315789474    0.11111111111111    0.29411764705883             8
    0.15789473684210    0.11111111111111    0.29411764705883             8
    0.21052631578947    0.11111111111111    0.29411764705883             8
    0.26315789473684    0.11111111111111    0.29411764705883             8
    0.31578947368421    0.11111111111111    0.29411764705883             8
    0.36842105263158    0.11111111111111    0.29411764705883             8
    0.42105263157895    0.11111111111111    0.29411764705883             8
    0.47368421052632    0.11111111111111    0.29411764705883             8
    0.00000000000000    0.14814814814815    0.29411764705883             4
    0.05263157894737    0.14814814814815    0.29411764705883             8
    0.10526315789474    0.14814814814815    0.29411764705883             8
    0.15789473684210    0.14814814814815    0.29411764705883             8
    0.21052631578947    0.14814814814815    0.29411764705883             8
    0.26315789473684    0.14814814814815    0.29411764705883             8
    0.31578947368421    0.14814814814815    0.29411764705883             8
    0.36842105263158    0.14814814814815    0.29411764705883             8
    0.42105263157895    0.14814814814815    0.29411764705883             8
    0.47368421052632    0.14814814814815    0.29411764705883             8
    0.00000000000000    0.18518518518518    0.29411764705883             4
    0.05263157894737    0.18518518518518    0.29411764705883             8
    0.10526315789474    0.18518518518518    0.29411764705883             8
    0.15789473684210    0.18518518518518    0.29411764705883             8
    0.21052631578947    0.18518518518518    0.29411764705883             8
    0.26315789473684    0.18518518518518    0.29411764705883             8
    0.31578947368421    0.18518518518518    0.29411764705883             8
    0.36842105263158    0.18518518518518    0.29411764705883             8
    0.42105263157895    0.18518518518518    0.29411764705883             8
    0.47368421052632    0.18518518518518    0.29411764705883             8
    0.00000000000000    0.22222222222222    0.29411764705883             4
    0.05263157894737    0.22222222222222    0.29411764705883             8
    0.10526315789474    0.22222222222222    0.29411764705883             8
    0.15789473684210    0.22222222222222    0.29411764705883             8
    0.21052631578947    0.22222222222222    0.29411764705883             8
    0.26315789473684    0.22222222222222    0.29411764705883             8
    0.31578947368421    0.22222222222222    0.29411764705883             8
    0.36842105263158    0.22222222222222    0.29411764705883             8
    0.42105263157895    0.22222222222222    0.29411764705883             8
    0.47368421052632    0.22222222222222    0.29411764705883             8
    0.00000000000000    0.25925925925926    0.29411764705883             4
    0.05263157894737    0.25925925925926    0.29411764705883             8
    0.10526315789474    0.25925925925926    0.29411764705883             8
    0.15789473684210    0.25925925925926    0.29411764705883             8
    0.21052631578947    0.25925925925926    0.29411764705883             8
    0.26315789473684    0.25925925925926    0.29411764705883             8
    0.31578947368421    0.25925925925926    0.29411764705883             8
    0.36842105263158    0.25925925925926    0.29411764705883             8
    0.42105263157895    0.25925925925926    0.29411764705883             8
    0.47368421052632    0.25925925925926    0.29411764705883             8
    0.00000000000000    0.29629629629630    0.29411764705883             4
    0.05263157894737    0.29629629629630    0.29411764705883             8
    0.10526315789474    0.29629629629630    0.29411764705883             8
    0.15789473684210    0.29629629629630    0.29411764705883             8
    0.21052631578947    0.29629629629630    0.29411764705883             8
    0.26315789473684    0.29629629629630    0.29411764705883             8
    0.31578947368421    0.29629629629630    0.29411764705883             8
    0.36842105263158    0.29629629629630    0.29411764705883             8
    0.42105263157895    0.29629629629630    0.29411764705883             8
    0.47368421052632    0.29629629629630    0.29411764705883             8
    0.00000000000000    0.33333333333334    0.29411764705883             4
    0.05263157894737    0.33333333333334    0.29411764705883             8
    0.10526315789474    0.33333333333334    0.29411764705883             8
    0.15789473684210    0.33333333333334    0.29411764705883             8
    0.21052631578947    0.33333333333334    0.29411764705883             8
    0.26315789473684    0.33333333333334    0.29411764705883             8
    0.31578947368421    0.33333333333334    0.29411764705883             8
    0.36842105263158    0.33333333333334    0.29411764705883             8
    0.42105263157895    0.33333333333334    0.29411764705883             8
    0.47368421052632    0.33333333333334    0.29411764705883             8
    0.00000000000000    0.37037037037037    0.29411764705883             4
    0.05263157894737    0.37037037037037    0.29411764705883             8
    0.10526315789474    0.37037037037037    0.29411764705883             8
    0.15789473684210    0.37037037037037    0.29411764705883             8
    0.21052631578947    0.37037037037037    0.29411764705883             8
    0.26315789473684    0.37037037037037    0.29411764705883             8
    0.31578947368421    0.37037037037037    0.29411764705883             8
    0.36842105263158    0.37037037037037    0.29411764705883             8
    0.42105263157895    0.37037037037037    0.29411764705883             8
    0.47368421052632    0.37037037037037    0.29411764705883             8
    0.00000000000000    0.40740740740740    0.29411764705883             4
    0.05263157894737    0.40740740740740    0.29411764705883             8
    0.10526315789474    0.40740740740740    0.29411764705883             8
    0.15789473684210    0.40740740740740    0.29411764705883             8
    0.21052631578947    0.40740740740740    0.29411764705883             8
    0.26315789473684    0.40740740740740    0.29411764705883             8
    0.31578947368421    0.40740740740740    0.29411764705883             8
    0.36842105263158    0.40740740740740    0.29411764705883             8
    0.42105263157895    0.40740740740740    0.29411764705883             8
    0.47368421052632    0.40740740740740    0.29411764705883             8
    0.00000000000000    0.44444444444444    0.29411764705883             4
    0.05263157894737    0.44444444444444    0.29411764705883             8
    0.10526315789474    0.44444444444444    0.29411764705883             8
    0.15789473684210    0.44444444444444    0.29411764705883             8
    0.21052631578947    0.44444444444444    0.29411764705883             8
    0.26315789473684    0.44444444444444    0.29411764705883             8
    0.31578947368421    0.44444444444444    0.29411764705883             8
    0.36842105263158    0.44444444444444    0.29411764705883             8
    0.42105263157895    0.44444444444444    0.29411764705883             8
    0.47368421052632    0.44444444444444    0.29411764705883             8
    0.00000000000000    0.48148148148148    0.29411764705883             4
    0.05263157894737    0.48148148148148    0.29411764705883             8
    0.10526315789474    0.48148148148148    0.29411764705883             8
    0.15789473684210    0.48148148148148    0.29411764705883             8
    0.21052631578947    0.48148148148148    0.29411764705883             8
    0.26315789473684    0.48148148148148    0.29411764705883             8
    0.31578947368421    0.48148148148148    0.29411764705883             8
    0.36842105263158    0.48148148148148    0.29411764705883             8
    0.42105263157895    0.48148148148148    0.29411764705883             8
    0.47368421052632    0.48148148148148    0.29411764705883             8
    0.00000000000000    0.00000000000000    0.35294117647059             2
    0.05263157894737    0.00000000000000    0.35294117647059             4
    0.10526315789474    0.00000000000000    0.35294117647059             4
    0.15789473684210    0.00000000000000    0.35294117647059             4
    0.21052631578947    0.00000000000000    0.35294117647059             4
    0.26315789473684    0.00000000000000    0.35294117647059             4
    0.31578947368421    0.00000000000000    0.35294117647059             4
    0.36842105263158    0.00000000000000    0.35294117647059             4
    0.42105263157895    0.00000000000000    0.35294117647059             4
    0.47368421052632    0.00000000000000    0.35294117647059             4
    0.00000000000000    0.03703703703704    0.35294117647059             4
    0.05263157894737    0.03703703703704    0.35294117647059             8
    0.10526315789474    0.03703703703704    0.35294117647059             8
    0.15789473684210    0.03703703703704    0.35294117647059             8
    0.21052631578947    0.03703703703704    0.35294117647059             8
    0.26315789473684    0.03703703703704    0.35294117647059             8
    0.31578947368421    0.03703703703704    0.35294117647059             8
    0.36842105263158    0.03703703703704    0.35294117647059             8
    0.42105263157895    0.03703703703704    0.35294117647059             8
    0.47368421052632    0.03703703703704    0.35294117647059             8
    0.00000000000000    0.07407407407408    0.35294117647059             4
    0.05263157894737    0.07407407407408    0.35294117647059             8
    0.10526315789474    0.07407407407408    0.35294117647059             8
    0.15789473684210    0.07407407407408    0.35294117647059             8
    0.21052631578947    0.07407407407408    0.35294117647059             8
    0.26315789473684    0.07407407407408    0.35294117647059             8
    0.31578947368421    0.07407407407408    0.35294117647059             8
    0.36842105263158    0.07407407407408    0.35294117647059             8
    0.42105263157895    0.07407407407408    0.35294117647059             8
    0.47368421052632    0.07407407407408    0.35294117647059             8
    0.00000000000000    0.11111111111111    0.35294117647059             4
    0.05263157894737    0.11111111111111    0.35294117647059             8
    0.10526315789474    0.11111111111111    0.35294117647059             8
    0.15789473684210    0.11111111111111    0.35294117647059             8
    0.21052631578947    0.11111111111111    0.35294117647059             8
    0.26315789473684    0.11111111111111    0.35294117647059             8
    0.31578947368421    0.11111111111111    0.35294117647059             8
    0.36842105263158    0.11111111111111    0.35294117647059             8
    0.42105263157895    0.11111111111111    0.35294117647059             8
    0.47368421052632    0.11111111111111    0.35294117647059             8
    0.00000000000000    0.14814814814815    0.35294117647059             4
    0.05263157894737    0.14814814814815    0.35294117647059             8
    0.10526315789474    0.14814814814815    0.35294117647059             8
    0.15789473684210    0.14814814814815    0.35294117647059             8
    0.21052631578947    0.14814814814815    0.35294117647059             8
    0.26315789473684    0.14814814814815    0.35294117647059             8
    0.31578947368421    0.14814814814815    0.35294117647059             8
    0.36842105263158    0.14814814814815    0.35294117647059             8
    0.42105263157895    0.14814814814815    0.35294117647059             8
    0.47368421052632    0.14814814814815    0.35294117647059             8
    0.00000000000000    0.18518518518518    0.35294117647059             4
    0.05263157894737    0.18518518518518    0.35294117647059             8
    0.10526315789474    0.18518518518518    0.35294117647059             8
    0.15789473684210    0.18518518518518    0.35294117647059             8
    0.21052631578947    0.18518518518518    0.35294117647059             8
    0.26315789473684    0.18518518518518    0.35294117647059             8
    0.31578947368421    0.18518518518518    0.35294117647059             8
    0.36842105263158    0.18518518518518    0.35294117647059             8
    0.42105263157895    0.18518518518518    0.35294117647059             8
    0.47368421052632    0.18518518518518    0.35294117647059             8
    0.00000000000000    0.22222222222222    0.35294117647059             4
    0.05263157894737    0.22222222222222    0.35294117647059             8
    0.10526315789474    0.22222222222222    0.35294117647059             8
    0.15789473684210    0.22222222222222    0.35294117647059             8
    0.21052631578947    0.22222222222222    0.35294117647059             8
    0.26315789473684    0.22222222222222    0.35294117647059             8
    0.31578947368421    0.22222222222222    0.35294117647059             8
    0.36842105263158    0.22222222222222    0.35294117647059             8
    0.42105263157895    0.22222222222222    0.35294117647059             8
    0.47368421052632    0.22222222222222    0.35294117647059             8
    0.00000000000000    0.25925925925926    0.35294117647059             4
    0.05263157894737    0.25925925925926    0.35294117647059             8
    0.10526315789474    0.25925925925926    0.35294117647059             8
    0.15789473684210    0.25925925925926    0.35294117647059             8
    0.21052631578947    0.25925925925926    0.35294117647059             8
    0.26315789473684    0.25925925925926    0.35294117647059             8
    0.31578947368421    0.25925925925926    0.35294117647059             8
    0.36842105263158    0.25925925925926    0.35294117647059             8
    0.42105263157895    0.25925925925926    0.35294117647059             8
    0.47368421052632    0.25925925925926    0.35294117647059             8
    0.00000000000000    0.29629629629630    0.35294117647059             4
    0.05263157894737    0.29629629629630    0.35294117647059             8
    0.10526315789474    0.29629629629630    0.35294117647059             8
    0.15789473684210    0.29629629629630    0.35294117647059             8
    0.21052631578947    0.29629629629630    0.35294117647059             8
    0.26315789473684    0.29629629629630    0.35294117647059             8
    0.31578947368421    0.29629629629630    0.35294117647059             8
    0.36842105263158    0.29629629629630    0.35294117647059             8
    0.42105263157895    0.29629629629630    0.35294117647059             8
    0.47368421052632    0.29629629629630    0.35294117647059             8
    0.00000000000000    0.33333333333334    0.35294117647059             4
    0.05263157894737    0.33333333333334    0.35294117647059             8
    0.10526315789474    0.33333333333334    0.35294117647059             8
    0.15789473684210    0.33333333333334    0.35294117647059             8
    0.21052631578947    0.33333333333334    0.35294117647059             8
    0.26315789473684    0.33333333333334    0.35294117647059             8
    0.31578947368421    0.33333333333334    0.35294117647059             8
    0.36842105263158    0.33333333333334    0.35294117647059             8
    0.42105263157895    0.33333333333334    0.35294117647059             8
    0.47368421052632    0.33333333333334    0.35294117647059             8
    0.00000000000000    0.37037037037037    0.35294117647059             4
    0.05263157894737    0.37037037037037    0.35294117647059             8
    0.10526315789474    0.37037037037037    0.35294117647059             8
    0.15789473684210    0.37037037037037    0.35294117647059             8
    0.21052631578947    0.37037037037037    0.35294117647059             8
    0.26315789473684    0.37037037037037    0.35294117647059             8
    0.31578947368421    0.37037037037037    0.35294117647059             8
    0.36842105263158    0.37037037037037    0.35294117647059             8
    0.42105263157895    0.37037037037037    0.35294117647059             8
    0.47368421052632    0.37037037037037    0.35294117647059             8
    0.00000000000000    0.40740740740740    0.35294117647059             4
    0.05263157894737    0.40740740740740    0.35294117647059             8
    0.10526315789474    0.40740740740740    0.35294117647059             8
    0.15789473684210    0.40740740740740    0.35294117647059             8
    0.21052631578947    0.40740740740740    0.35294117647059             8
    0.26315789473684    0.40740740740740    0.35294117647059             8
    0.31578947368421    0.40740740740740    0.35294117647059             8
    0.36842105263158    0.40740740740740    0.35294117647059             8
    0.42105263157895    0.40740740740740    0.35294117647059             8
    0.47368421052632    0.40740740740740    0.35294117647059             8
    0.00000000000000    0.44444444444444    0.35294117647059             4
    0.05263157894737    0.44444444444444    0.35294117647059             8
    0.10526315789474    0.44444444444444    0.35294117647059             8
    0.15789473684210    0.44444444444444    0.35294117647059             8
    0.21052631578947    0.44444444444444    0.35294117647059             8
    0.26315789473684    0.44444444444444    0.35294117647059             8
    0.31578947368421    0.44444444444444    0.35294117647059             8
    0.36842105263158    0.44444444444444    0.35294117647059             8
    0.42105263157895    0.44444444444444    0.35294117647059             8
    0.47368421052632    0.44444444444444    0.35294117647059             8
    0.00000000000000    0.48148148148148    0.35294117647059             4
    0.05263157894737    0.48148148148148    0.35294117647059             8
    0.10526315789474    0.48148148148148    0.35294117647059             8
    0.15789473684210    0.48148148148148    0.35294117647059             8
    0.21052631578947    0.48148148148148    0.35294117647059             8
    0.26315789473684    0.48148148148148    0.35294117647059             8
    0.31578947368421    0.48148148148148    0.35294117647059             8
    0.36842105263158    0.48148148148148    0.35294117647059             8
    0.42105263157895    0.48148148148148    0.35294117647059             8
    0.47368421052632    0.48148148148148    0.35294117647059             8
    0.00000000000000    0.00000000000000    0.41176470588236             2
    0.05263157894737    0.00000000000000    0.41176470588236             4
    0.10526315789474    0.00000000000000    0.41176470588236             4
    0.15789473684210    0.00000000000000    0.41176470588236             4
    0.21052631578947    0.00000000000000    0.41176470588236             4
    0.26315789473684    0.00000000000000    0.41176470588236             4
    0.31578947368421    0.00000000000000    0.41176470588236             4
    0.36842105263158    0.00000000000000    0.41176470588236             4
    0.42105263157895    0.00000000000000    0.41176470588236             4
    0.47368421052632    0.00000000000000    0.41176470588236             4
    0.00000000000000    0.03703703703704    0.41176470588236             4
    0.05263157894737    0.03703703703704    0.41176470588236             8
    0.10526315789474    0.03703703703704    0.41176470588236             8
    0.15789473684210    0.03703703703704    0.41176470588236             8
    0.21052631578947    0.03703703703704    0.41176470588236             8
    0.26315789473684    0.03703703703704    0.41176470588236             8
    0.31578947368421    0.03703703703704    0.41176470588236             8
    0.36842105263158    0.03703703703704    0.41176470588236             8
    0.42105263157895    0.03703703703704    0.41176470588236             8
    0.47368421052632    0.03703703703704    0.41176470588236             8
    0.00000000000000    0.07407407407408    0.41176470588236             4
    0.05263157894737    0.07407407407408    0.41176470588236             8
    0.10526315789474    0.07407407407408    0.41176470588236             8
    0.15789473684210    0.07407407407408    0.41176470588236             8
    0.21052631578947    0.07407407407408    0.41176470588236             8
    0.26315789473684    0.07407407407408    0.41176470588236             8
    0.31578947368421    0.07407407407408    0.41176470588236             8
    0.36842105263158    0.07407407407408    0.41176470588236             8
    0.42105263157895    0.07407407407408    0.41176470588236             8
    0.47368421052632    0.07407407407408    0.41176470588236             8
    0.00000000000000    0.11111111111111    0.41176470588236             4
    0.05263157894737    0.11111111111111    0.41176470588236             8
    0.10526315789474    0.11111111111111    0.41176470588236             8
    0.15789473684210    0.11111111111111    0.41176470588236             8
    0.21052631578947    0.11111111111111    0.41176470588236             8
    0.26315789473684    0.11111111111111    0.41176470588236             8
    0.31578947368421    0.11111111111111    0.41176470588236             8
    0.36842105263158    0.11111111111111    0.41176470588236             8
    0.42105263157895    0.11111111111111    0.41176470588236             8
    0.47368421052632    0.11111111111111    0.41176470588236             8
    0.00000000000000    0.14814814814815    0.41176470588236             4
    0.05263157894737    0.14814814814815    0.41176470588236             8
    0.10526315789474    0.14814814814815    0.41176470588236             8
    0.15789473684210    0.14814814814815    0.41176470588236             8
    0.21052631578947    0.14814814814815    0.41176470588236             8
    0.26315789473684    0.14814814814815    0.41176470588236             8
    0.31578947368421    0.14814814814815    0.41176470588236             8
    0.36842105263158    0.14814814814815    0.41176470588236             8
    0.42105263157895    0.14814814814815    0.41176470588236             8
    0.47368421052632    0.14814814814815    0.41176470588236             8
    0.00000000000000    0.18518518518518    0.41176470588236             4
    0.05263157894737    0.18518518518518    0.41176470588236             8
    0.10526315789474    0.18518518518518    0.41176470588236             8
    0.15789473684210    0.18518518518518    0.41176470588236             8
    0.21052631578947    0.18518518518518    0.41176470588236             8
    0.26315789473684    0.18518518518518    0.41176470588236             8
    0.31578947368421    0.18518518518518    0.41176470588236             8
    0.36842105263158    0.18518518518518    0.41176470588236             8
    0.42105263157895    0.18518518518518    0.41176470588236             8
    0.47368421052632    0.18518518518518    0.41176470588236             8
    0.00000000000000    0.22222222222222    0.41176470588236             4
    0.05263157894737    0.22222222222222    0.41176470588236             8
    0.10526315789474    0.22222222222222    0.41176470588236             8
    0.15789473684210    0.22222222222222    0.41176470588236             8
    0.21052631578947    0.22222222222222    0.41176470588236             8
    0.26315789473684    0.22222222222222    0.41176470588236             8
    0.31578947368421    0.22222222222222    0.41176470588236             8
    0.36842105263158    0.22222222222222    0.41176470588236             8
    0.42105263157895    0.22222222222222    0.41176470588236             8
    0.47368421052632    0.22222222222222    0.41176470588236             8
    0.00000000000000    0.25925925925926    0.41176470588236             4
    0.05263157894737    0.25925925925926    0.41176470588236             8
    0.10526315789474    0.25925925925926    0.41176470588236             8
    0.15789473684210    0.25925925925926    0.41176470588236             8
    0.21052631578947    0.25925925925926    0.41176470588236             8
    0.26315789473684    0.25925925925926    0.41176470588236             8
    0.31578947368421    0.25925925925926    0.41176470588236             8
    0.36842105263158    0.25925925925926    0.41176470588236             8
    0.42105263157895    0.25925925925926    0.41176470588236             8
    0.47368421052632    0.25925925925926    0.41176470588236             8
    0.00000000000000    0.29629629629630    0.41176470588236             4
    0.05263157894737    0.29629629629630    0.41176470588236             8
    0.10526315789474    0.29629629629630    0.41176470588236             8
    0.15789473684210    0.29629629629630    0.41176470588236             8
    0.21052631578947    0.29629629629630    0.41176470588236             8
    0.26315789473684    0.29629629629630    0.41176470588236             8
    0.31578947368421    0.29629629629630    0.41176470588236             8
    0.36842105263158    0.29629629629630    0.41176470588236             8
    0.42105263157895    0.29629629629630    0.41176470588236             8
    0.47368421052632    0.29629629629630    0.41176470588236             8
    0.00000000000000    0.33333333333334    0.41176470588236             4
    0.05263157894737    0.33333333333334    0.41176470588236             8
    0.10526315789474    0.33333333333334    0.41176470588236             8
    0.15789473684210    0.33333333333334    0.41176470588236             8
    0.21052631578947    0.33333333333334    0.41176470588236             8
    0.26315789473684    0.33333333333334    0.41176470588236             8
    0.31578947368421    0.33333333333334    0.41176470588236             8
    0.36842105263158    0.33333333333334    0.41176470588236             8
    0.42105263157895    0.33333333333334    0.41176470588236             8
    0.47368421052632    0.33333333333334    0.41176470588236             8
    0.00000000000000    0.37037037037037    0.41176470588236             4
    0.05263157894737    0.37037037037037    0.41176470588236             8
    0.10526315789474    0.37037037037037    0.41176470588236             8
    0.15789473684210    0.37037037037037    0.41176470588236             8
    0.21052631578947    0.37037037037037    0.41176470588236             8
    0.26315789473684    0.37037037037037    0.41176470588236             8
    0.31578947368421    0.37037037037037    0.41176470588236             8
    0.36842105263158    0.37037037037037    0.41176470588236             8
    0.42105263157895    0.37037037037037    0.41176470588236             8
    0.47368421052632    0.37037037037037    0.41176470588236             8
    0.00000000000000    0.40740740740740    0.41176470588236             4
    0.05263157894737    0.40740740740740    0.41176470588236             8
    0.10526315789474    0.40740740740740    0.41176470588236             8
    0.15789473684210    0.40740740740740    0.41176470588236             8
    0.21052631578947    0.40740740740740    0.41176470588236             8
    0.26315789473684    0.40740740740740    0.41176470588236             8
    0.31578947368421    0.40740740740740    0.41176470588236             8
    0.36842105263158    0.40740740740740    0.41176470588236             8
    0.42105263157895    0.40740740740740    0.41176470588236             8
    0.47368421052632    0.40740740740740    0.41176470588236             8
    0.00000000000000    0.44444444444444    0.41176470588236             4
    0.05263157894737    0.44444444444444    0.41176470588236             8
    0.10526315789474    0.44444444444444    0.41176470588236             8
    0.15789473684210    0.44444444444444    0.41176470588236             8
    0.21052631578947    0.44444444444444    0.41176470588236             8
    0.26315789473684    0.44444444444444    0.41176470588236             8
    0.31578947368421    0.44444444444444    0.41176470588236             8
    0.36842105263158    0.44444444444444    0.41176470588236             8
    0.42105263157895    0.44444444444444    0.41176470588236             8
    0.47368421052632    0.44444444444444    0.41176470588236             8
    0.00000000000000    0.48148148148148    0.41176470588236             4
    0.05263157894737    0.48148148148148    0.41176470588236             8
    0.10526315789474    0.48148148148148    0.41176470588236             8
    0.15789473684210    0.48148148148148    0.41176470588236             8
    0.21052631578947    0.48148148148148    0.41176470588236             8
    0.26315789473684    0.48148148148148    0.41176470588236             8
    0.31578947368421    0.48148148148148    0.41176470588236             8
    0.36842105263158    0.48148148148148    0.41176470588236             8
    0.42105263157895    0.48148148148148    0.41176470588236             8
    0.47368421052632    0.48148148148148    0.41176470588236             8
    0.00000000000000    0.00000000000000    0.47058823529412             2
    0.05263157894737    0.00000000000000    0.47058823529412             4
    0.10526315789474    0.00000000000000    0.47058823529412             4
    0.15789473684210    0.00000000000000    0.47058823529412             4
    0.21052631578947    0.00000000000000    0.47058823529412             4
    0.26315789473684    0.00000000000000    0.47058823529412             4
    0.31578947368421    0.00000000000000    0.47058823529412             4
    0.36842105263158    0.00000000000000    0.47058823529412             4
    0.42105263157895    0.00000000000000    0.47058823529412             4
    0.47368421052632    0.00000000000000    0.47058823529412             4
    0.00000000000000    0.03703703703704    0.47058823529412             4
    0.05263157894737    0.03703703703704    0.47058823529412             8
    0.10526315789474    0.03703703703704    0.47058823529412             8
    0.15789473684210    0.03703703703704    0.47058823529412             8
    0.21052631578947    0.03703703703704    0.47058823529412             8
    0.26315789473684    0.03703703703704    0.47058823529412             8
    0.31578947368421    0.03703703703704    0.47058823529412             8
    0.36842105263158    0.03703703703704    0.47058823529412             8
    0.42105263157895    0.03703703703704    0.47058823529412             8
    0.47368421052632    0.03703703703704    0.47058823529412             8
    0.00000000000000    0.07407407407408    0.47058823529412             4
    0.05263157894737    0.07407407407408    0.47058823529412             8
    0.10526315789474    0.07407407407408    0.47058823529412             8
    0.15789473684210    0.07407407407408    0.47058823529412             8
    0.21052631578947    0.07407407407408    0.47058823529412             8
    0.26315789473684    0.07407407407408    0.47058823529412             8
    0.31578947368421    0.07407407407408    0.47058823529412             8
    0.36842105263158    0.07407407407408    0.47058823529412             8
    0.42105263157895    0.07407407407408    0.47058823529412             8
    0.47368421052632    0.07407407407408    0.47058823529412             8
    0.00000000000000    0.11111111111111    0.47058823529412             4
    0.05263157894737    0.11111111111111    0.47058823529412             8
    0.10526315789474    0.11111111111111    0.47058823529412             8
    0.15789473684210    0.11111111111111    0.47058823529412             8
    0.21052631578947    0.11111111111111    0.47058823529412             8
    0.26315789473684    0.11111111111111    0.47058823529412             8
    0.31578947368421    0.11111111111111    0.47058823529412             8
    0.36842105263158    0.11111111111111    0.47058823529412             8
    0.42105263157895    0.11111111111111    0.47058823529412             8
    0.47368421052632    0.11111111111111    0.47058823529412             8
    0.00000000000000    0.14814814814815    0.47058823529412             4
    0.05263157894737    0.14814814814815    0.47058823529412             8
    0.10526315789474    0.14814814814815    0.47058823529412             8
    0.15789473684210    0.14814814814815    0.47058823529412             8
    0.21052631578947    0.14814814814815    0.47058823529412             8
    0.26315789473684    0.14814814814815    0.47058823529412             8
    0.31578947368421    0.14814814814815    0.47058823529412             8
    0.36842105263158    0.14814814814815    0.47058823529412             8
    0.42105263157895    0.14814814814815    0.47058823529412             8
    0.47368421052632    0.14814814814815    0.47058823529412             8
    0.00000000000000    0.18518518518518    0.47058823529412             4
    0.05263157894737    0.18518518518518    0.47058823529412             8
    0.10526315789474    0.18518518518518    0.47058823529412             8
    0.15789473684210    0.18518518518518    0.47058823529412             8
    0.21052631578947    0.18518518518518    0.47058823529412             8
    0.26315789473684    0.18518518518518    0.47058823529412             8
    0.31578947368421    0.18518518518518    0.47058823529412             8
    0.36842105263158    0.18518518518518    0.47058823529412             8
    0.42105263157895    0.18518518518518    0.47058823529412             8
    0.47368421052632    0.18518518518518    0.47058823529412             8
    0.00000000000000    0.22222222222222    0.47058823529412             4
    0.05263157894737    0.22222222222222    0.47058823529412             8
    0.10526315789474    0.22222222222222    0.47058823529412             8
    0.15789473684210    0.22222222222222    0.47058823529412             8
    0.21052631578947    0.22222222222222    0.47058823529412             8
    0.26315789473684    0.22222222222222    0.47058823529412             8
    0.31578947368421    0.22222222222222    0.47058823529412             8
    0.36842105263158    0.22222222222222    0.47058823529412             8
    0.42105263157895    0.22222222222222    0.47058823529412             8
    0.47368421052632    0.22222222222222    0.47058823529412             8
    0.00000000000000    0.25925925925926    0.47058823529412             4
    0.05263157894737    0.25925925925926    0.47058823529412             8
    0.10526315789474    0.25925925925926    0.47058823529412             8
    0.15789473684210    0.25925925925926    0.47058823529412             8
    0.21052631578947    0.25925925925926    0.47058823529412             8
    0.26315789473684    0.25925925925926    0.47058823529412             8
    0.31578947368421    0.25925925925926    0.47058823529412             8
    0.36842105263158    0.25925925925926    0.47058823529412             8
    0.42105263157895    0.25925925925926    0.47058823529412             8
    0.47368421052632    0.25925925925926    0.47058823529412             8
    0.00000000000000    0.29629629629630    0.47058823529412             4
    0.05263157894737    0.29629629629630    0.47058823529412             8
    0.10526315789474    0.29629629629630    0.47058823529412             8
    0.15789473684210    0.29629629629630    0.47058823529412             8
    0.21052631578947    0.29629629629630    0.47058823529412             8
    0.26315789473684    0.29629629629630    0.47058823529412             8
    0.31578947368421    0.29629629629630    0.47058823529412             8
    0.36842105263158    0.29629629629630    0.47058823529412             8
    0.42105263157895    0.29629629629630    0.47058823529412             8
    0.47368421052632    0.29629629629630    0.47058823529412             8
    0.00000000000000    0.33333333333334    0.47058823529412             4
    0.05263157894737    0.33333333333334    0.47058823529412             8
    0.10526315789474    0.33333333333334    0.47058823529412             8
    0.15789473684210    0.33333333333334    0.47058823529412             8
    0.21052631578947    0.33333333333334    0.47058823529412             8
    0.26315789473684    0.33333333333334    0.47058823529412             8
    0.31578947368421    0.33333333333334    0.47058823529412             8
    0.36842105263158    0.33333333333334    0.47058823529412             8
    0.42105263157895    0.33333333333334    0.47058823529412             8
    0.47368421052632    0.33333333333334    0.47058823529412             8
    0.00000000000000    0.37037037037037    0.47058823529412             4
    0.05263157894737    0.37037037037037    0.47058823529412             8
    0.10526315789474    0.37037037037037    0.47058823529412             8
    0.15789473684210    0.37037037037037    0.47058823529412             8
    0.21052631578947    0.37037037037037    0.47058823529412             8
    0.26315789473684    0.37037037037037    0.47058823529412             8
    0.31578947368421    0.37037037037037    0.47058823529412             8
    0.36842105263158    0.37037037037037    0.47058823529412             8
    0.42105263157895    0.37037037037037    0.47058823529412             8
    0.47368421052632    0.37037037037037    0.47058823529412             8
    0.00000000000000    0.40740740740740    0.47058823529412             4
    0.05263157894737    0.40740740740740    0.47058823529412             8
    0.10526315789474    0.40740740740740    0.47058823529412             8
    0.15789473684210    0.40740740740740    0.47058823529412             8
    0.21052631578947    0.40740740740740    0.47058823529412             8
    0.26315789473684    0.40740740740740    0.47058823529412             8
    0.31578947368421    0.40740740740740    0.47058823529412             8
    0.36842105263158    0.40740740740740    0.47058823529412             8
    0.42105263157895    0.40740740740740    0.47058823529412             8
    0.47368421052632    0.40740740740740    0.47058823529412             8
    0.00000000000000    0.44444444444444    0.47058823529412             4
    0.05263157894737    0.44444444444444    0.47058823529412             8
    0.10526315789474    0.44444444444444    0.47058823529412             8
    0.15789473684210    0.44444444444444    0.47058823529412             8
    0.21052631578947    0.44444444444444    0.47058823529412             8
    0.26315789473684    0.44444444444444    0.47058823529412             8
    0.31578947368421    0.44444444444444    0.47058823529412             8
    0.36842105263158    0.44444444444444    0.47058823529412             8
    0.42105263157895    0.44444444444444    0.47058823529412             8
    0.47368421052632    0.44444444444444    0.47058823529412             8
    0.00000000000000    0.48148148148148    0.47058823529412             4
    0.05263157894737    0.48148148148148    0.47058823529412             8
    0.10526315789474    0.48148148148148    0.47058823529412             8
    0.15789473684210    0.48148148148148    0.47058823529412             8
    0.21052631578947    0.48148148148148    0.47058823529412             8
    0.26315789473684    0.48148148148148    0.47058823529412             8
    0.31578947368421    0.48148148148148    0.47058823529412             8
    0.36842105263158    0.48148148148148    0.47058823529412             8
    0.42105263157895    0.48148148148148    0.47058823529412             8
    0.47368421052632    0.48148148148148    0.47058823529412             8
