total atom count	total energy	atom energy	cohesive energy	total kpoints	kpoints mesh	energy cutoff (ENCUT)
14	-90.60710905	-0.05825251	-89.79157391000001	1260	(10, 14, 9)	600.0
14	-90.60710905	-0.05825252	-89.79157377	1260	(10, 14, 9)	600.0
14	-90.60710905	-0.05825261	-89.79157251000001	1260	(10, 14, 9)	600.0
14	-90.60710905	-0.05825258	-89.79157293	1260	(10, 14, 9)	600.0
14	-90.60710905	-0.05825258	-89.79157293	1260	(10, 14, 9)	600.0
14	-90.60710905	-0.0582526	-89.79157265	1260	(10, 14, 9)	600.0
14	-90.60710905	-0.05825248	-89.79157433	1260	(10, 14, 9)	600.0
14	-90.60710905	-0.05825258	-89.79157293	1260	(10, 14, 9)	600.0
14	-90.60710905	-0.0582526	-89.79157265	1260	(10, 14, 9)	600.0
14	-90.60710905	-0.05825308	-89.79156593	1260	(10, 14, 9)	600.0
14	-90.60710905	-0.05825314	-89.79156509	1260	(10, 14, 9)	600.0
14	-90.60658925	-0.05825251	-89.79105411	1260	(10, 14, 9)	600.0
14	-90.60658925	-0.05825252	-89.79105397	1260	(10, 14, 9)	600.0
14	-90.60658925	-0.05825261	-89.79105271	1260	(10, 14, 9)	600.0
14	-90.60658925	-0.05825258	-89.79105313	1260	(10, 14, 9)	600.0
14	-90.60658925	-0.05825258	-89.79105313	1260	(10, 14, 9)	600.0
14	-90.60658925	-0.0582526	-89.79105285	1260	(10, 14, 9)	600.0
14	-90.60658925	-0.05825248	-89.79105453	1260	(10, 14, 9)	600.0
14	-90.60658925	-0.05825258	-89.79105313	1260	(10, 14, 9)	600.0
14	-90.60658925	-0.0582526	-89.79105285	1260	(10, 14, 9)	600.0
14	-90.60658925	-0.05825308	-89.79104613	1260	(10, 14, 9)	600.0
14	-90.60658925	-0.05825314	-89.79104529	1260	(10, 14, 9)	600.0
14	-90.60775297	-0.05825251	-89.79221783000001	1260	(10, 14, 9)	600.0
14	-90.60775297	-0.05825252	-89.79221769	1260	(10, 14, 9)	600.0
14	-90.60775297	-0.05825261	-89.79221643000001	1260	(10, 14, 9)	600.0
14	-90.60775297	-0.05825258	-89.79221685	1260	(10, 14, 9)	600.0
14	-90.60775297	-0.05825258	-89.79221685	1260	(10, 14, 9)	600.0
14	-90.60775297	-0.0582526	-89.79221657000001	1260	(10, 14, 9)	600.0
14	-90.60775297	-0.05825248	-89.79221825	1260	(10, 14, 9)	600.0
14	-90.60775297	-0.05825258	-89.79221685	1260	(10, 14, 9)	600.0
14	-90.60775297	-0.0582526	-89.79221657000001	1260	(10, 14, 9)	600.0
14	-90.60775297	-0.05825308	-89.79220985	1260	(10, 14, 9)	600.0
14	-90.60775297	-0.05825314	-89.79220901000001	1260	(10, 14, 9)	600.0
14	-90.60751665	-0.05825251	-89.79198151	1260	(10, 14, 9)	600.0
14	-90.60751665	-0.05825252	-89.79198136999999	1260	(10, 14, 9)	600.0
14	-90.60751665	-0.05825261	-89.79198011	1260	(10, 14, 9)	600.0
14	-90.60751665	-0.05825258	-89.79198052999999	1260	(10, 14, 9)	600.0
14	-90.60751665	-0.05825258	-89.79198052999999	1260	(10, 14, 9)	600.0
14	-90.60751665	-0.0582526	-89.79198025	1260	(10, 14, 9)	600.0
14	-90.60751665	-0.05825248	-89.79198192999999	1260	(10, 14, 9)	600.0
14	-90.60751665	-0.05825258	-89.79198052999999	1260	(10, 14, 9)	600.0
14	-90.60751665	-0.0582526	-89.79198025	1260	(10, 14, 9)	600.0
14	-90.60751665	-0.05825308	-89.79197352999999	1260	(10, 14, 9)	600.0
14	-90.60751665	-0.05825314	-89.79197269	1260	(10, 14, 9)	600.0
14	-90.60475231	-0.05825251	-89.78921717	1260	(10, 14, 9)	600.0
14	-90.60475231	-0.05825252	-89.78921702999999	1260	(10, 14, 9)	600.0
14	-90.60475231	-0.05825261	-89.78921577	1260	(10, 14, 9)	600.0
14	-90.60475231	-0.05825258	-89.78921618999999	1260	(10, 14, 9)	600.0
14	-90.60475231	-0.05825258	-89.78921618999999	1260	(10, 14, 9)	600.0
14	-90.60475231	-0.0582526	-89.78921591	1260	(10, 14, 9)	600.0
14	-90.60475231	-0.05825248	-89.78921758999999	1260	(10, 14, 9)	600.0
14	-90.60475231	-0.05825258	-89.78921618999999	1260	(10, 14, 9)	600.0
14	-90.60475231	-0.0582526	-89.78921591	1260	(10, 14, 9)	600.0
14	-90.60475231	-0.05825308	-89.78920919	1260	(10, 14, 9)	600.0
14	-90.60475231	-0.05825314	-89.78920835	1260	(10, 14, 9)	600.0
14	-90.60695006	-0.05825251	-89.79141492000001	1260	(10, 14, 9)	600.0
14	-90.60695006	-0.05825252	-89.79141478	1260	(10, 14, 9)	600.0
14	-90.60695006	-0.05825261	-89.79141352	1260	(10, 14, 9)	600.0
14	-90.60695006	-0.05825258	-89.79141394	1260	(10, 14, 9)	600.0
14	-90.60695006	-0.05825258	-89.79141394	1260	(10, 14, 9)	600.0
14	-90.60695006	-0.0582526	-89.79141366	1260	(10, 14, 9)	600.0
14	-90.60695006	-0.05825248	-89.79141534	1260	(10, 14, 9)	600.0
14	-90.60695006	-0.05825258	-89.79141394	1260	(10, 14, 9)	600.0
14	-90.60695006	-0.0582526	-89.79141366	1260	(10, 14, 9)	600.0
14	-90.60695006	-0.05825308	-89.79140694	1260	(10, 14, 9)	600.0
14	-90.60695006	-0.05825314	-89.7914061	1260	(10, 14, 9)	600.0
14	-90.60665409	-0.05825251	-89.79111895000001	1260	(10, 14, 9)	600.0
14	-90.60665409	-0.05825252	-89.79111881	1260	(10, 14, 9)	600.0
14	-90.60665409	-0.05825261	-89.79111755000001	1260	(10, 14, 9)	600.0
14	-90.60665409	-0.05825258	-89.79111797	1260	(10, 14, 9)	600.0
14	-90.60665409	-0.05825258	-89.79111797	1260	(10, 14, 9)	600.0
14	-90.60665409	-0.0582526	-89.79111769000001	1260	(10, 14, 9)	600.0
14	-90.60665409	-0.05825248	-89.79111937	1260	(10, 14, 9)	600.0
14	-90.60665409	-0.05825258	-89.79111797	1260	(10, 14, 9)	600.0
14	-90.60665409	-0.0582526	-89.79111769000001	1260	(10, 14, 9)	600.0
14	-90.60665409	-0.05825308	-89.79111097	1260	(10, 14, 9)	600.0
14	-90.60665409	-0.05825314	-89.79111013	1260	(10, 14, 9)	600.0
14	-90.60772594	-0.05825251	-89.7921908	1260	(10, 14, 9)	600.0
14	-90.60772594	-0.05825252	-89.79219065999999	1260	(10, 14, 9)	600.0
14	-90.60772594	-0.05825261	-89.7921894	1260	(10, 14, 9)	600.0
14	-90.60772594	-0.05825258	-89.79218981999999	1260	(10, 14, 9)	600.0
14	-90.60772594	-0.05825258	-89.79218981999999	1260	(10, 14, 9)	600.0
14	-90.60772594	-0.0582526	-89.79218954	1260	(10, 14, 9)	600.0
14	-90.60772594	-0.05825248	-89.79219121999999	1260	(10, 14, 9)	600.0
14	-90.60772594	-0.05825258	-89.79218981999999	1260	(10, 14, 9)	600.0
14	-90.60772594	-0.0582526	-89.79218954	1260	(10, 14, 9)	600.0
14	-90.60772594	-0.05825308	-89.79218282	1260	(10, 14, 9)	600.0
14	-90.60772594	-0.05825314	-89.79218198	1260	(10, 14, 9)	600.0
14	-90.60739295	-0.05825251	-89.79185781000001	1260	(10, 14, 9)	600.0
14	-90.60739295	-0.05825252	-89.79185767	1260	(10, 14, 9)	600.0
14	-90.60739295	-0.05825261	-89.79185641000001	1260	(10, 14, 9)	600.0
14	-90.60739295	-0.05825258	-89.79185683	1260	(10, 14, 9)	600.0
14	-90.60739295	-0.05825258	-89.79185683	1260	(10, 14, 9)	600.0
14	-90.60739295	-0.0582526	-89.79185655	1260	(10, 14, 9)	600.0
14	-90.60739295	-0.05825248	-89.79185823	1260	(10, 14, 9)	600.0
14	-90.60739295	-0.05825258	-89.79185683	1260	(10, 14, 9)	600.0
14	-90.60739295	-0.0582526	-89.79185655	1260	(10, 14, 9)	600.0
14	-90.60739295	-0.05825308	-89.79184983	1260	(10, 14, 9)	600.0
14	-90.60739295	-0.05825314	-89.79184899	1260	(10, 14, 9)	600.0
14	-90.60725637	-0.05825251	-89.79172123000001	1260	(10, 14, 9)	600.0
14	-90.60725637	-0.05825252	-89.79172109	1260	(10, 14, 9)	600.0
14	-90.60725637	-0.05825261	-89.79171983	1260	(10, 14, 9)	600.0
14	-90.60725637	-0.05825258	-89.79172025	1260	(10, 14, 9)	600.0
14	-90.60725637	-0.05825258	-89.79172025	1260	(10, 14, 9)	600.0
14	-90.60725637	-0.0582526	-89.79171997	1260	(10, 14, 9)	600.0
14	-90.60725637	-0.05825248	-89.79172165	1260	(10, 14, 9)	600.0
14	-90.60725637	-0.05825258	-89.79172025	1260	(10, 14, 9)	600.0
14	-90.60725637	-0.0582526	-89.79171997	1260	(10, 14, 9)	600.0
14	-90.60725637	-0.05825308	-89.79171325	1260	(10, 14, 9)	600.0
14	-90.60725637	-0.05825314	-89.79171241	1260	(10, 14, 9)	600.0
14	-90.60799891	-0.05825251	-89.79246377000001	1260	(10, 14, 9)	600.0
14	-90.60799891	-0.05825252	-89.79246363	1260	(10, 14, 9)	600.0
14	-90.60799891	-0.05825261	-89.79246237000001	1260	(10, 14, 9)	600.0
14	-90.60799891	-0.05825258	-89.79246279	1260	(10, 14, 9)	600.0
14	-90.60799891	-0.05825258	-89.79246279	1260	(10, 14, 9)	600.0
14	-90.60799891	-0.0582526	-89.79246251000001	1260	(10, 14, 9)	600.0
14	-90.60799891	-0.05825248	-89.79246419	1260	(10, 14, 9)	600.0
14	-90.60799891	-0.05825258	-89.79246279	1260	(10, 14, 9)	600.0
14	-90.60799891	-0.0582526	-89.79246251000001	1260	(10, 14, 9)	600.0
14	-90.60799891	-0.05825308	-89.79245579	1260	(10, 14, 9)	600.0
14	-90.60799891	-0.05825314	-89.79245495	1260	(10, 14, 9)	600.0
14	-90.60804018	-0.05825251	-89.79250504000001	1260	(10, 14, 9)	600.0
14	-90.60804018	-0.05825252	-89.7925049	1260	(10, 14, 9)	600.0
14	-90.60804018	-0.05825261	-89.79250364	1260	(10, 14, 9)	600.0
14	-90.60804018	-0.05825258	-89.79250406	1260	(10, 14, 9)	600.0
14	-90.60804018	-0.05825258	-89.79250406	1260	(10, 14, 9)	600.0
14	-90.60804018	-0.0582526	-89.79250378	1260	(10, 14, 9)	600.0
14	-90.60804018	-0.05825248	-89.79250546	1260	(10, 14, 9)	600.0
14	-90.60804018	-0.05825258	-89.79250406	1260	(10, 14, 9)	600.0
14	-90.60804018	-0.0582526	-89.79250378	1260	(10, 14, 9)	600.0
14	-90.60804018	-0.05825308	-89.79249706	1260	(10, 14, 9)	600.0
14	-90.60804018	-0.05825314	-89.79249622	1260	(10, 14, 9)	600.0
14	-90.6076288	-0.05825251	-89.79209366	1260	(10, 14, 9)	600.0
14	-90.6076288	-0.05825252	-89.79209352	1260	(10, 14, 9)	600.0
14	-90.6076288	-0.05825261	-89.79209226	1260	(10, 14, 9)	600.0
14	-90.6076288	-0.05825258	-89.79209268	1260	(10, 14, 9)	600.0
14	-90.6076288	-0.05825258	-89.79209268	1260	(10, 14, 9)	600.0
14	-90.6076288	-0.0582526	-89.7920924	1260	(10, 14, 9)	600.0
14	-90.6076288	-0.05825248	-89.79209408	1260	(10, 14, 9)	600.0
14	-90.6076288	-0.05825258	-89.79209268	1260	(10, 14, 9)	600.0
14	-90.6076288	-0.0582526	-89.7920924	1260	(10, 14, 9)	600.0
14	-90.6076288	-0.05825308	-89.79208568	1260	(10, 14, 9)	600.0
14	-90.6076288	-0.05825314	-89.79208484	1260	(10, 14, 9)	600.0
14	-90.60802286	-0.05825251	-89.79248772000001	1260	(10, 14, 9)	600.0
14	-90.60802286	-0.05825252	-89.79248758	1260	(10, 14, 9)	600.0
14	-90.60802286	-0.05825261	-89.79248632000001	1260	(10, 14, 9)	600.0
14	-90.60802286	-0.05825258	-89.79248674	1260	(10, 14, 9)	600.0
14	-90.60802286	-0.05825258	-89.79248674	1260	(10, 14, 9)	600.0
14	-90.60802286	-0.0582526	-89.79248646	1260	(10, 14, 9)	600.0
14	-90.60802286	-0.05825248	-89.79248814	1260	(10, 14, 9)	600.0
14	-90.60802286	-0.05825258	-89.79248674	1260	(10, 14, 9)	600.0
14	-90.60802286	-0.0582526	-89.79248646	1260	(10, 14, 9)	600.0
14	-90.60802286	-0.05825308	-89.79247974	1260	(10, 14, 9)	600.0
14	-90.60802286	-0.05825314	-89.7924789	1260	(10, 14, 9)	600.0
14	-90.60780953	-0.05825251	-89.79227439	1260	(10, 14, 9)	600.0
14	-90.60780953	-0.05825252	-89.79227424999999	1260	(10, 14, 9)	600.0
14	-90.60780953	-0.05825261	-89.79227299	1260	(10, 14, 9)	600.0
14	-90.60780953	-0.05825258	-89.79227340999999	1260	(10, 14, 9)	600.0
14	-90.60780953	-0.05825258	-89.79227340999999	1260	(10, 14, 9)	600.0
14	-90.60780953	-0.0582526	-89.79227313	1260	(10, 14, 9)	600.0
14	-90.60780953	-0.05825248	-89.79227481	1260	(10, 14, 9)	600.0
14	-90.60780953	-0.05825258	-89.79227340999999	1260	(10, 14, 9)	600.0
14	-90.60780953	-0.0582526	-89.79227313	1260	(10, 14, 9)	600.0
14	-90.60780953	-0.05825308	-89.79226641	1260	(10, 14, 9)	600.0
14	-90.60780953	-0.05825314	-89.79226557	1260	(10, 14, 9)	600.0
14	-90.60795938	-0.05825251	-89.79242424	1260	(10, 14, 9)	600.0
14	-90.60795938	-0.05825252	-89.79242409999999	1260	(10, 14, 9)	600.0
14	-90.60795938	-0.05825261	-89.79242284	1260	(10, 14, 9)	600.0
14	-90.60795938	-0.05825258	-89.79242325999999	1260	(10, 14, 9)	600.0
14	-90.60795938	-0.05825258	-89.79242325999999	1260	(10, 14, 9)	600.0
14	-90.60795938	-0.0582526	-89.79242298	1260	(10, 14, 9)	600.0
14	-90.60795938	-0.05825248	-89.79242466	1260	(10, 14, 9)	600.0
14	-90.60795938	-0.05825258	-89.79242325999999	1260	(10, 14, 9)	600.0
14	-90.60795938	-0.0582526	-89.79242298	1260	(10, 14, 9)	600.0
14	-90.60795938	-0.05825308	-89.79241626	1260	(10, 14, 9)	600.0
14	-90.60795938	-0.05825314	-89.79241542	1260	(10, 14, 9)	600.0
14	-90.60530062	-0.05825251	-89.78976548	1260	(10, 14, 9)	600.0
14	-90.60530062	-0.05825252	-89.78976533999999	1260	(10, 14, 9)	600.0
14	-90.60530062	-0.05825261	-89.78976408	1260	(10, 14, 9)	600.0
14	-90.60530062	-0.05825258	-89.78976449999999	1260	(10, 14, 9)	600.0
14	-90.60530062	-0.05825258	-89.78976449999999	1260	(10, 14, 9)	600.0
14	-90.60530062	-0.0582526	-89.78976422	1260	(10, 14, 9)	600.0
14	-90.60530062	-0.05825248	-89.78976589999999	1260	(10, 14, 9)	600.0
14	-90.60530062	-0.05825258	-89.78976449999999	1260	(10, 14, 9)	600.0
14	-90.60530062	-0.0582526	-89.78976422	1260	(10, 14, 9)	600.0
14	-90.60530062	-0.05825308	-89.7897575	1260	(10, 14, 9)	600.0
14	-90.60530062	-0.05825314	-89.78975666	1260	(10, 14, 9)	600.0
14	-90.6080286	-0.05825251	-89.79249346	1260	(10, 14, 9)	600.0
14	-90.6080286	-0.05825252	-89.79249331999999	1260	(10, 14, 9)	600.0
14	-90.6080286	-0.05825261	-89.79249206	1260	(10, 14, 9)	600.0
14	-90.6080286	-0.05825258	-89.79249247999999	1260	(10, 14, 9)	600.0
14	-90.6080286	-0.05825258	-89.79249247999999	1260	(10, 14, 9)	600.0
14	-90.6080286	-0.0582526	-89.7924922	1260	(10, 14, 9)	600.0
14	-90.6080286	-0.05825248	-89.79249388	1260	(10, 14, 9)	600.0
14	-90.6080286	-0.05825258	-89.79249247999999	1260	(10, 14, 9)	600.0
14	-90.6080286	-0.0582526	-89.7924922	1260	(10, 14, 9)	600.0
14	-90.6080286	-0.05825308	-89.79248548	1260	(10, 14, 9)	600.0
14	-90.6080286	-0.05825314	-89.79248464	1260	(10, 14, 9)	600.0
14	-90.60624878	-0.05825251	-89.79071364	1260	(10, 14, 9)	600.0
14	-90.60624878	-0.05825252	-89.7907135	1260	(10, 14, 9)	600.0
14	-90.60624878	-0.05825261	-89.79071224	1260	(10, 14, 9)	600.0
14	-90.60624878	-0.05825258	-89.79071266	1260	(10, 14, 9)	600.0
14	-90.60624878	-0.05825258	-89.79071266	1260	(10, 14, 9)	600.0
14	-90.60624878	-0.0582526	-89.79071238	1260	(10, 14, 9)	600.0
14	-90.60624878	-0.05825248	-89.79071406	1260	(10, 14, 9)	600.0
14	-90.60624878	-0.05825258	-89.79071266	1260	(10, 14, 9)	600.0
14	-90.60624878	-0.0582526	-89.79071238	1260	(10, 14, 9)	600.0
14	-90.60624878	-0.05825308	-89.79070566	1260	(10, 14, 9)	600.0
14	-90.60624878	-0.05825314	-89.79070482	1260	(10, 14, 9)	600.0
14	-90.60617684	-0.05825251	-89.79064170000001	1260	(10, 14, 9)	600.0
14	-90.60617684	-0.05825252	-89.79064156	1260	(10, 14, 9)	600.0
14	-90.60617684	-0.05825261	-89.7906403	1260	(10, 14, 9)	600.0
14	-90.60617684	-0.05825258	-89.79064072	1260	(10, 14, 9)	600.0
14	-90.60617684	-0.05825258	-89.79064072	1260	(10, 14, 9)	600.0
14	-90.60617684	-0.0582526	-89.79064044	1260	(10, 14, 9)	600.0
14	-90.60617684	-0.05825248	-89.79064212	1260	(10, 14, 9)	600.0
14	-90.60617684	-0.05825258	-89.79064072	1260	(10, 14, 9)	600.0
14	-90.60617684	-0.0582526	-89.79064044	1260	(10, 14, 9)	600.0
14	-90.60617684	-0.05825308	-89.79063372	1260	(10, 14, 9)	600.0
14	-90.60617684	-0.05825314	-89.79063288	1260	(10, 14, 9)	600.0
14	-90.6073047	-0.05825251	-89.79176956	1260	(10, 14, 9)	600.0
14	-90.6073047	-0.05825252	-89.79176942	1260	(10, 14, 9)	600.0
14	-90.6073047	-0.05825261	-89.79176816	1260	(10, 14, 9)	600.0
14	-90.6073047	-0.05825258	-89.79176858	1260	(10, 14, 9)	600.0
14	-90.6073047	-0.05825258	-89.79176858	1260	(10, 14, 9)	600.0
14	-90.6073047	-0.0582526	-89.7917683	1260	(10, 14, 9)	600.0
14	-90.6073047	-0.05825248	-89.79176998	1260	(10, 14, 9)	600.0
14	-90.6073047	-0.05825258	-89.79176858	1260	(10, 14, 9)	600.0
14	-90.6073047	-0.0582526	-89.7917683	1260	(10, 14, 9)	600.0
14	-90.6073047	-0.05825308	-89.79176158	1260	(10, 14, 9)	600.0
14	-90.6073047	-0.05825314	-89.79176074	1260	(10, 14, 9)	600.0
14	-90.60799058	-0.05825251	-89.79245544000001	1260	(10, 14, 9)	600.0
14	-90.60799058	-0.05825252	-89.7924553	1260	(10, 14, 9)	600.0
14	-90.60799058	-0.05825261	-89.79245404000001	1260	(10, 14, 9)	600.0
14	-90.60799058	-0.05825258	-89.79245446	1260	(10, 14, 9)	600.0
14	-90.60799058	-0.05825258	-89.79245446	1260	(10, 14, 9)	600.0
14	-90.60799058	-0.0582526	-89.79245418000001	1260	(10, 14, 9)	600.0
14	-90.60799058	-0.05825248	-89.79245586	1260	(10, 14, 9)	600.0
14	-90.60799058	-0.05825258	-89.79245446	1260	(10, 14, 9)	600.0
14	-90.60799058	-0.0582526	-89.79245418000001	1260	(10, 14, 9)	600.0
14	-90.60799058	-0.05825308	-89.79244746	1260	(10, 14, 9)	600.0
14	-90.60799058	-0.05825314	-89.79244662	1260	(10, 14, 9)	600.0
14	-90.60790032	-0.05825251	-89.79236518	1260	(10, 14, 9)	600.0
14	-90.60790032	-0.05825252	-89.79236503999999	1260	(10, 14, 9)	600.0
14	-90.60790032	-0.05825261	-89.79236378	1260	(10, 14, 9)	600.0
14	-90.60790032	-0.05825258	-89.7923642	1260	(10, 14, 9)	600.0
14	-90.60790032	-0.05825258	-89.7923642	1260	(10, 14, 9)	600.0
14	-90.60790032	-0.0582526	-89.79236392	1260	(10, 14, 9)	600.0
14	-90.60790032	-0.05825248	-89.7923656	1260	(10, 14, 9)	600.0
14	-90.60790032	-0.05825258	-89.7923642	1260	(10, 14, 9)	600.0
14	-90.60790032	-0.0582526	-89.79236392	1260	(10, 14, 9)	600.0
14	-90.60790032	-0.05825308	-89.7923572	1260	(10, 14, 9)	600.0
14	-90.60790032	-0.05825314	-89.79235636	1260	(10, 14, 9)	600.0
14	-90.60804901	-0.05825251	-89.79251387000001	1260	(10, 14, 9)	600.0
14	-90.60804901	-0.05825252	-89.79251373	1260	(10, 14, 9)	600.0
14	-90.60804901	-0.05825261	-89.79251247	1260	(10, 14, 9)	600.0
14	-90.60804901	-0.05825258	-89.79251289	1260	(10, 14, 9)	600.0
14	-90.60804901	-0.05825258	-89.79251289	1260	(10, 14, 9)	600.0
14	-90.60804901	-0.0582526	-89.79251261	1260	(10, 14, 9)	600.0
14	-90.60804901	-0.05825248	-89.79251429	1260	(10, 14, 9)	600.0
14	-90.60804901	-0.05825258	-89.79251289	1260	(10, 14, 9)	600.0
14	-90.60804901	-0.0582526	-89.79251261	1260	(10, 14, 9)	600.0
14	-90.60804901	-0.05825308	-89.79250589	1260	(10, 14, 9)	600.0
14	-90.60804901	-0.05825314	-89.79250505	1260	(10, 14, 9)	600.0
14	-90.60400517	-0.05825251	-89.78847003	1260	(10, 14, 9)	600.0
14	-90.60400517	-0.05825252	-89.78846988999999	1260	(10, 14, 9)	600.0
14	-90.60400517	-0.05825261	-89.78846863	1260	(10, 14, 9)	600.0
14	-90.60400517	-0.05825258	-89.78846904999999	1260	(10, 14, 9)	600.0
14	-90.60400517	-0.05825258	-89.78846904999999	1260	(10, 14, 9)	600.0
14	-90.60400517	-0.0582526	-89.78846877	1260	(10, 14, 9)	600.0
14	-90.60400517	-0.05825248	-89.78847044999999	1260	(10, 14, 9)	600.0
14	-90.60400517	-0.05825258	-89.78846904999999	1260	(10, 14, 9)	600.0
14	-90.60400517	-0.0582526	-89.78846877	1260	(10, 14, 9)	600.0
14	-90.60400517	-0.05825308	-89.78846204999999	1260	(10, 14, 9)	600.0
14	-90.60400517	-0.05825314	-89.78846121	1260	(10, 14, 9)	600.0
14	-90.60804551	-0.05825251	-89.79251037	1260	(10, 14, 9)	600.0
14	-90.60804551	-0.05825252	-89.79251022999999	1260	(10, 14, 9)	600.0
14	-90.60804551	-0.05825261	-89.79250897	1260	(10, 14, 9)	600.0
14	-90.60804551	-0.05825258	-89.79250938999999	1260	(10, 14, 9)	600.0
14	-90.60804551	-0.05825258	-89.79250938999999	1260	(10, 14, 9)	600.0
14	-90.60804551	-0.0582526	-89.79250911	1260	(10, 14, 9)	600.0
14	-90.60804551	-0.05825248	-89.79251079	1260	(10, 14, 9)	600.0
14	-90.60804551	-0.05825258	-89.79250938999999	1260	(10, 14, 9)	600.0
14	-90.60804551	-0.0582526	-89.79250911	1260	(10, 14, 9)	600.0
14	-90.60804551	-0.05825308	-89.79250239	1260	(10, 14, 9)	600.0
14	-90.60804551	-0.05825314	-89.79250155	1260	(10, 14, 9)	600.0
14	-90.6058008	-0.05825251	-89.79026566	1260	(10, 14, 9)	600.0
14	-90.6058008	-0.05825252	-89.79026551999999	1260	(10, 14, 9)	600.0
14	-90.6058008	-0.05825261	-89.79026426	1260	(10, 14, 9)	600.0
14	-90.6058008	-0.05825258	-89.79026467999999	1260	(10, 14, 9)	600.0
14	-90.6058008	-0.05825258	-89.79026467999999	1260	(10, 14, 9)	600.0
14	-90.6058008	-0.0582526	-89.7902644	1260	(10, 14, 9)	600.0
14	-90.6058008	-0.05825248	-89.79026608	1260	(10, 14, 9)	600.0
14	-90.6058008	-0.05825258	-89.79026467999999	1260	(10, 14, 9)	600.0
14	-90.6058008	-0.0582526	-89.7902644	1260	(10, 14, 9)	600.0
14	-90.6058008	-0.05825308	-89.79025768	1260	(10, 14, 9)	600.0
14	-90.6058008	-0.05825314	-89.79025684	1260	(10, 14, 9)	600.0
14	-90.60700669	-0.05825251	-89.79147155000001	1260	(10, 14, 9)	600.0
14	-90.60700669	-0.05825252	-89.79147141	1260	(10, 14, 9)	600.0
14	-90.60700669	-0.05825261	-89.79147015000001	1260	(10, 14, 9)	600.0
14	-90.60700669	-0.05825258	-89.79147057	1260	(10, 14, 9)	600.0
14	-90.60700669	-0.05825258	-89.79147057	1260	(10, 14, 9)	600.0
14	-90.60700669	-0.0582526	-89.79147029	1260	(10, 14, 9)	600.0
14	-90.60700669	-0.05825248	-89.79147197	1260	(10, 14, 9)	600.0
14	-90.60700669	-0.05825258	-89.79147057	1260	(10, 14, 9)	600.0
14	-90.60700669	-0.0582526	-89.79147029	1260	(10, 14, 9)	600.0
14	-90.60700669	-0.05825308	-89.79146357	1260	(10, 14, 9)	600.0
14	-90.60700669	-0.05825314	-89.79146273	1260	(10, 14, 9)	600.0
14	-90.60333051	-0.05825251	-89.78779537000001	1260	(10, 14, 9)	600.0
14	-90.60333051	-0.05825252	-89.78779523	1260	(10, 14, 9)	600.0
14	-90.60333051	-0.05825261	-89.78779397000001	1260	(10, 14, 9)	600.0
14	-90.60333051	-0.05825258	-89.78779439	1260	(10, 14, 9)	600.0
14	-90.60333051	-0.05825258	-89.78779439	1260	(10, 14, 9)	600.0
14	-90.60333051	-0.0582526	-89.78779411000001	1260	(10, 14, 9)	600.0
14	-90.60333051	-0.05825248	-89.78779579	1260	(10, 14, 9)	600.0
14	-90.60333051	-0.05825258	-89.78779439	1260	(10, 14, 9)	600.0
14	-90.60333051	-0.0582526	-89.78779411000001	1260	(10, 14, 9)	600.0
14	-90.60333051	-0.05825308	-89.78778739	1260	(10, 14, 9)	600.0
14	-90.60333051	-0.05825314	-89.78778655	1260	(10, 14, 9)	600.0
14	-90.60462812	-0.05825251	-89.78909298	1260	(10, 14, 9)	600.0
14	-90.60462812	-0.05825252	-89.78909284	1260	(10, 14, 9)	600.0
14	-90.60462812	-0.05825261	-89.78909158	1260	(10, 14, 9)	600.0
14	-90.60462812	-0.05825258	-89.789092	1260	(10, 14, 9)	600.0
14	-90.60462812	-0.05825258	-89.789092	1260	(10, 14, 9)	600.0
14	-90.60462812	-0.0582526	-89.78909172	1260	(10, 14, 9)	600.0
14	-90.60462812	-0.05825248	-89.7890934	1260	(10, 14, 9)	600.0
14	-90.60462812	-0.05825258	-89.789092	1260	(10, 14, 9)	600.0
14	-90.60462812	-0.0582526	-89.78909172	1260	(10, 14, 9)	600.0
14	-90.60462812	-0.05825308	-89.789085	1260	(10, 14, 9)	600.0
14	-90.60462812	-0.05825314	-89.78908416	1260	(10, 14, 9)	600.0
14	-90.60766081	-0.05825251	-89.79212567	1260	(10, 14, 9)	600.0
14	-90.60766081	-0.05825252	-89.79212552999999	1260	(10, 14, 9)	600.0
14	-90.60766081	-0.05825261	-89.79212427	1260	(10, 14, 9)	600.0
14	-90.60766081	-0.05825258	-89.79212469	1260	(10, 14, 9)	600.0
14	-90.60766081	-0.05825258	-89.79212469	1260	(10, 14, 9)	600.0
14	-90.60766081	-0.0582526	-89.79212441	1260	(10, 14, 9)	600.0
14	-90.60766081	-0.05825248	-89.79212609	1260	(10, 14, 9)	600.0
14	-90.60766081	-0.05825258	-89.79212469	1260	(10, 14, 9)	600.0
14	-90.60766081	-0.0582526	-89.79212441	1260	(10, 14, 9)	600.0
14	-90.60766081	-0.05825308	-89.79211769	1260	(10, 14, 9)	600.0
14	-90.60766081	-0.05825314	-89.79211685	1260	(10, 14, 9)	600.0
14	-90.6051934	-0.05825251	-89.78965826000001	1260	(10, 14, 9)	600.0
14	-90.6051934	-0.05825252	-89.78965812	1260	(10, 14, 9)	600.0
14	-90.6051934	-0.05825261	-89.78965686000001	1260	(10, 14, 9)	600.0
14	-90.6051934	-0.05825258	-89.78965728	1260	(10, 14, 9)	600.0
14	-90.6051934	-0.05825258	-89.78965728	1260	(10, 14, 9)	600.0
14	-90.6051934	-0.0582526	-89.789657	1260	(10, 14, 9)	600.0
14	-90.6051934	-0.05825248	-89.78965868	1260	(10, 14, 9)	600.0
14	-90.6051934	-0.05825258	-89.78965728	1260	(10, 14, 9)	600.0
14	-90.6051934	-0.0582526	-89.789657	1260	(10, 14, 9)	600.0
14	-90.6051934	-0.05825308	-89.78965028	1260	(10, 14, 9)	600.0
14	-90.6051934	-0.05825314	-89.78964944	1260	(10, 14, 9)	600.0
14	-90.60755378	-0.05825251	-89.79201864000001	1260	(10, 14, 9)	600.0
14	-90.60755378	-0.05825252	-89.7920185	1260	(10, 14, 9)	600.0
14	-90.60755378	-0.05825261	-89.79201724	1260	(10, 14, 9)	600.0
14	-90.60755378	-0.05825258	-89.79201766	1260	(10, 14, 9)	600.0
14	-90.60755378	-0.05825258	-89.79201766	1260	(10, 14, 9)	600.0
14	-90.60755378	-0.0582526	-89.79201738	1260	(10, 14, 9)	600.0
14	-90.60755378	-0.05825248	-89.79201906	1260	(10, 14, 9)	600.0
14	-90.60755378	-0.05825258	-89.79201766	1260	(10, 14, 9)	600.0
14	-90.60755378	-0.0582526	-89.79201738	1260	(10, 14, 9)	600.0
14	-90.60755378	-0.05825308	-89.79201066	1260	(10, 14, 9)	600.0
14	-90.60755378	-0.05825314	-89.79200982	1260	(10, 14, 9)	600.0
14	-90.60788115	-0.05825251	-89.79234601	1260	(10, 14, 9)	600.0
14	-90.60788115	-0.05825252	-89.79234586999999	1260	(10, 14, 9)	600.0
14	-90.60788115	-0.05825261	-89.79234461	1260	(10, 14, 9)	600.0
14	-90.60788115	-0.05825258	-89.79234502999999	1260	(10, 14, 9)	600.0
14	-90.60788115	-0.05825258	-89.79234502999999	1260	(10, 14, 9)	600.0
14	-90.60788115	-0.0582526	-89.79234475	1260	(10, 14, 9)	600.0
14	-90.60788115	-0.05825248	-89.79234643	1260	(10, 14, 9)	600.0
14	-90.60788115	-0.05825258	-89.79234502999999	1260	(10, 14, 9)	600.0
14	-90.60788115	-0.0582526	-89.79234475	1260	(10, 14, 9)	600.0
14	-90.60788115	-0.05825308	-89.79233803	1260	(10, 14, 9)	600.0
14	-90.60788115	-0.05825314	-89.79233719	1260	(10, 14, 9)	600.0
14	-90.60783424	-0.05825251	-89.79229910000001	1260	(10, 14, 9)	600.0
14	-90.60783424	-0.05825252	-89.79229896	1260	(10, 14, 9)	600.0
14	-90.60783424	-0.05825261	-89.7922977	1260	(10, 14, 9)	600.0
14	-90.60783424	-0.05825258	-89.79229812	1260	(10, 14, 9)	600.0
14	-90.60783424	-0.05825258	-89.79229812	1260	(10, 14, 9)	600.0
14	-90.60783424	-0.0582526	-89.79229784	1260	(10, 14, 9)	600.0
14	-90.60783424	-0.05825248	-89.79229952	1260	(10, 14, 9)	600.0
14	-90.60783424	-0.05825258	-89.79229812	1260	(10, 14, 9)	600.0
14	-90.60783424	-0.0582526	-89.79229784	1260	(10, 14, 9)	600.0
14	-90.60783424	-0.05825308	-89.79229112	1260	(10, 14, 9)	600.0
14	-90.60783424	-0.05825314	-89.79229028	1260	(10, 14, 9)	600.0
14	-90.60794164	-0.05825251	-89.79240650000001	1260	(10, 14, 9)	600.0
14	-90.60794164	-0.05825252	-89.79240636	1260	(10, 14, 9)	600.0
14	-90.60794164	-0.05825261	-89.79240510000001	1260	(10, 14, 9)	600.0
14	-90.60794164	-0.05825258	-89.79240552	1260	(10, 14, 9)	600.0
14	-90.60794164	-0.05825258	-89.79240552	1260	(10, 14, 9)	600.0
14	-90.60794164	-0.0582526	-89.79240524000001	1260	(10, 14, 9)	600.0
14	-90.60794164	-0.05825248	-89.79240692	1260	(10, 14, 9)	600.0
14	-90.60794164	-0.05825258	-89.79240552	1260	(10, 14, 9)	600.0
14	-90.60794164	-0.0582526	-89.79240524000001	1260	(10, 14, 9)	600.0
14	-90.60794164	-0.05825308	-89.79239852	1260	(10, 14, 9)	600.0
14	-90.60794164	-0.05825314	-89.79239768000001	1260	(10, 14, 9)	600.0
14	-90.6057086	-0.05825251	-89.79017346	1260	(10, 14, 9)	600.0
14	-90.6057086	-0.05825252	-89.79017332	1260	(10, 14, 9)	600.0
14	-90.6057086	-0.05825261	-89.79017206	1260	(10, 14, 9)	600.0
14	-90.6057086	-0.05825258	-89.79017248	1260	(10, 14, 9)	600.0
14	-90.6057086	-0.05825258	-89.79017248	1260	(10, 14, 9)	600.0
14	-90.6057086	-0.0582526	-89.7901722	1260	(10, 14, 9)	600.0
14	-90.6057086	-0.05825248	-89.79017388	1260	(10, 14, 9)	600.0
14	-90.6057086	-0.05825258	-89.79017248	1260	(10, 14, 9)	600.0
14	-90.6057086	-0.0582526	-89.7901722	1260	(10, 14, 9)	600.0
14	-90.6057086	-0.05825308	-89.79016548	1260	(10, 14, 9)	600.0
14	-90.6057086	-0.05825314	-89.79016464	1260	(10, 14, 9)	600.0
