Automatically generated mesh
    1260
Reciprocal lattice
    0.02500000000000    0.01785714285715    0.02777777777778             8
    0.07500000000000    0.01785714285715    0.02777777777778             8
    0.12500000000000    0.01785714285715    0.02777777777778             8
    0.17500000000000    0.01785714285715    0.02777777777778             8
    0.22500000000000    0.01785714285715    0.02777777777778             8
    0.27500000000000    0.01785714285715    0.02777777777778             8
    0.32500000000000    0.01785714285715    0.02777777777778             8
    0.37500000000000    0.01785714285715    0.02777777777778             8
    0.42500000000000    0.01785714285715    0.02777777777778             8
    0.47500000000000    0.01785714285715    0.02777777777778             8
    0.02500000000000    0.05357142857143    0.02777777777778             8
    0.07500000000000    0.05357142857143    0.02777777777778             8
    0.12500000000000    0.05357142857143    0.02777777777778             8
    0.17500000000000    0.05357142857143    0.02777777777778             8
    0.22500000000000    0.05357142857143    0.02777777777778             8
    0.27500000000000    0.05357142857143    0.02777777777778             8
    0.32500000000000    0.05357142857143    0.02777777777778             8
    0.37500000000000    0.05357142857143    0.02777777777778             8
    0.42500000000000    0.05357142857143    0.02777777777778             8
    0.47500000000000    0.05357142857143    0.02777777777778             8
    0.02500000000000    0.08928571428572    0.02777777777778             8
    0.07500000000000    0.08928571428572    0.02777777777778             8
    0.12500000000000    0.08928571428572    0.02777777777778             8
    0.17500000000000    0.08928571428572    0.02777777777778             8
    0.22500000000000    0.08928571428572    0.02777777777778             8
    0.27500000000000    0.08928571428572    0.02777777777778             8
    0.32500000000000    0.08928571428572    0.02777777777778             8
    0.37500000000000    0.08928571428572    0.02777777777778             8
    0.42500000000000    0.08928571428572    0.02777777777778             8
    0.47500000000000    0.08928571428572    0.02777777777778             8
    0.02500000000000    0.12500000000000    0.02777777777778             8
    0.07500000000000    0.12500000000000    0.02777777777778             8
    0.12500000000000    0.12500000000000    0.02777777777778             8
    0.17500000000000    0.12500000000000    0.02777777777778             8
    0.22500000000000    0.12500000000000    0.02777777777778             8
    0.27500000000000    0.12500000000000    0.02777777777778             8
    0.32500000000000    0.12500000000000    0.02777777777778             8
    0.37500000000000    0.12500000000000    0.02777777777778             8
    0.42500000000000    0.12500000000000    0.02777777777778             8
    0.47500000000000    0.12500000000000    0.02777777777778             8
    0.02500000000000    0.16071428571428    0.02777777777778             8
    0.07500000000000    0.16071428571428    0.02777777777778             8
    0.12500000000000    0.16071428571428    0.02777777777778             8
    0.17500000000000    0.16071428571428    0.02777777777778             8
    0.22500000000000    0.16071428571428    0.02777777777778             8
    0.27500000000000    0.16071428571428    0.02777777777778             8
    0.32500000000000    0.16071428571428    0.02777777777778             8
    0.37500000000000    0.16071428571428    0.02777777777778             8
    0.42500000000000    0.16071428571428    0.02777777777778             8
    0.47500000000000    0.16071428571428    0.02777777777778             8
    0.02500000000000    0.19642857142857    0.02777777777778             8
    0.07500000000000    0.19642857142857    0.02777777777778             8
    0.12500000000000    0.19642857142857    0.02777777777778             8
    0.17500000000000    0.19642857142857    0.02777777777778             8
    0.22500000000000    0.19642857142857    0.02777777777778             8
    0.27500000000000    0.19642857142857    0.02777777777778             8
    0.32500000000000    0.19642857142857    0.02777777777778             8
    0.37500000000000    0.19642857142857    0.02777777777778             8
    0.42500000000000    0.19642857142857    0.02777777777778             8
    0.47500000000000    0.19642857142857    0.02777777777778             8
    0.02500000000000    0.23214285714285    0.02777777777778             8
    0.07500000000000    0.23214285714285    0.02777777777778             8
    0.12500000000000    0.23214285714285    0.02777777777778             8
    0.17500000000000    0.23214285714285    0.02777777777778             8
    0.22500000000000    0.23214285714285    0.02777777777778             8
    0.27500000000000    0.23214285714285    0.02777777777778             8
    0.32500000000000    0.23214285714285    0.02777777777778             8
    0.37500000000000    0.23214285714285    0.02777777777778             8
    0.42500000000000    0.23214285714285    0.02777777777778             8
    0.47500000000000    0.23214285714285    0.02777777777778             8
    0.02500000000000    0.26785714285715    0.02777777777778             8
    0.07500000000000    0.26785714285715    0.02777777777778             8
    0.12500000000000    0.26785714285715    0.02777777777778             8
    0.17500000000000    0.26785714285715    0.02777777777778             8
    0.22500000000000    0.26785714285715    0.02777777777778             8
    0.27500000000000    0.26785714285715    0.02777777777778             8
    0.32500000000000    0.26785714285715    0.02777777777778             8
    0.37500000000000    0.26785714285715    0.02777777777778             8
    0.42500000000000    0.26785714285715    0.02777777777778             8
    0.47500000000000    0.26785714285715    0.02777777777778             8
    0.02500000000000    0.30357142857143    0.02777777777778             8
    0.07500000000000    0.30357142857143    0.02777777777778             8
    0.12500000000000    0.30357142857143    0.02777777777778             8
    0.17500000000000    0.30357142857143    0.02777777777778             8
    0.22500000000000    0.30357142857143    0.02777777777778             8
    0.27500000000000    0.30357142857143    0.02777777777778             8
    0.32500000000000    0.30357142857143    0.02777777777778             8
    0.37500000000000    0.30357142857143    0.02777777777778             8
    0.42500000000000    0.30357142857143    0.02777777777778             8
    0.47500000000000    0.30357142857143    0.02777777777778             8
    0.02500000000000    0.33928571428572    0.02777777777778             8
    0.07500000000000    0.33928571428572    0.02777777777778             8
    0.12500000000000    0.33928571428572    0.02777777777778             8
    0.17500000000000    0.33928571428572    0.02777777777778             8
    0.22500000000000    0.33928571428572    0.02777777777778             8
    0.27500000000000    0.33928571428572    0.02777777777778             8
    0.32500000000000    0.33928571428572    0.02777777777778             8
    0.37500000000000    0.33928571428572    0.02777777777778             8
    0.42500000000000    0.33928571428572    0.02777777777778             8
    0.47500000000000    0.33928571428572    0.02777777777778             8
    0.02500000000000    0.37500000000000    0.02777777777778             8
    0.07500000000000    0.37500000000000    0.02777777777778             8
    0.12500000000000    0.37500000000000    0.02777777777778             8
    0.17500000000000    0.37500000000000    0.02777777777778             8
    0.22500000000000    0.37500000000000    0.02777777777778             8
    0.27500000000000    0.37500000000000    0.02777777777778             8
    0.32500000000000    0.37500000000000    0.02777777777778             8
    0.37500000000000    0.37500000000000    0.02777777777778             8
    0.42500000000000    0.37500000000000    0.02777777777778             8
    0.47500000000000    0.37500000000000    0.02777777777778             8
    0.02500000000000    0.41071428571428    0.02777777777778             8
    0.07500000000000    0.41071428571428    0.02777777777778             8
    0.12500000000000    0.41071428571428    0.02777777777778             8
    0.17500000000000    0.41071428571428    0.02777777777778             8
    0.22500000000000    0.41071428571428    0.02777777777778             8
    0.27500000000000    0.41071428571428    0.02777777777778             8
    0.32500000000000    0.41071428571428    0.02777777777778             8
    0.37500000000000    0.41071428571428    0.02777777777778             8
    0.42500000000000    0.41071428571428    0.02777777777778             8
    0.47500000000000    0.41071428571428    0.02777777777778             8
    0.02500000000000    0.44642857142857    0.02777777777778             8
    0.07500000000000    0.44642857142857    0.02777777777778             8
    0.12500000000000    0.44642857142857    0.02777777777778             8
    0.17500000000000    0.44642857142857    0.02777777777778             8
    0.22500000000000    0.44642857142857    0.02777777777778             8
    0.27500000000000    0.44642857142857    0.02777777777778             8
    0.32500000000000    0.44642857142857    0.02777777777778             8
    0.37500000000000    0.44642857142857    0.02777777777778             8
    0.42500000000000    0.44642857142857    0.02777777777778             8
    0.47500000000000    0.44642857142857    0.02777777777778             8
    0.02500000000000    0.48214285714285    0.02777777777778             8
    0.07500000000000    0.48214285714285    0.02777777777778             8
    0.12500000000000    0.48214285714285    0.02777777777778             8
    0.17500000000000    0.48214285714285    0.02777777777778             8
    0.22500000000000    0.48214285714285    0.02777777777778             8
    0.27500000000000    0.48214285714285    0.02777777777778             8
    0.32500000000000    0.48214285714285    0.02777777777778             8
    0.37500000000000    0.48214285714285    0.02777777777778             8
    0.42500000000000    0.48214285714285    0.02777777777778             8
    0.47500000000000    0.48214285714285    0.02777777777778             8
    0.02500000000000    0.01785714285715    0.08333333333334             8
    0.07500000000000    0.01785714285715    0.08333333333334             8
    0.12500000000000    0.01785714285715    0.08333333333334             8
    0.17500000000000    0.01785714285715    0.08333333333334             8
    0.22500000000000    0.01785714285715    0.08333333333334             8
    0.27500000000000    0.01785714285715    0.08333333333334             8
    0.32500000000000    0.01785714285715    0.08333333333334             8
    0.37500000000000    0.01785714285715    0.08333333333334             8
    0.42500000000000    0.01785714285715    0.08333333333334             8
    0.47500000000000    0.01785714285715    0.08333333333334             8
    0.02500000000000    0.05357142857143    0.08333333333334             8
    0.07500000000000    0.05357142857143    0.08333333333334             8
    0.12500000000000    0.05357142857143    0.08333333333334             8
    0.17500000000000    0.05357142857143    0.08333333333334             8
    0.22500000000000    0.05357142857143    0.08333333333334             8
    0.27500000000000    0.05357142857143    0.08333333333334             8
    0.32500000000000    0.05357142857143    0.08333333333334             8
    0.37500000000000    0.05357142857143    0.08333333333334             8
    0.42500000000000    0.05357142857143    0.08333333333334             8
    0.47500000000000    0.05357142857143    0.08333333333334             8
    0.02500000000000    0.08928571428572    0.08333333333334             8
    0.07500000000000    0.08928571428572    0.08333333333334             8
    0.12500000000000    0.08928571428572    0.08333333333334             8
    0.17500000000000    0.08928571428572    0.08333333333334             8
    0.22500000000000    0.08928571428572    0.08333333333334             8
    0.27500000000000    0.08928571428572    0.08333333333334             8
    0.32500000000000    0.08928571428572    0.08333333333334             8
    0.37500000000000    0.08928571428572    0.08333333333334             8
    0.42500000000000    0.08928571428572    0.08333333333334             8
    0.47500000000000    0.08928571428572    0.08333333333334             8
    0.02500000000000    0.12500000000000    0.08333333333334             8
    0.07500000000000    0.12500000000000    0.08333333333334             8
    0.12500000000000    0.12500000000000    0.08333333333334             8
    0.17500000000000    0.12500000000000    0.08333333333334             8
    0.22500000000000    0.12500000000000    0.08333333333334             8
    0.27500000000000    0.12500000000000    0.08333333333334             8
    0.32500000000000    0.12500000000000    0.08333333333334             8
    0.37500000000000    0.12500000000000    0.08333333333334             8
    0.42500000000000    0.12500000000000    0.08333333333334             8
    0.47500000000000    0.12500000000000    0.08333333333334             8
    0.02500000000000    0.16071428571428    0.08333333333334             8
    0.07500000000000    0.16071428571428    0.08333333333334             8
    0.12500000000000    0.16071428571428    0.08333333333334             8
    0.17500000000000    0.16071428571428    0.08333333333334             8
    0.22500000000000    0.16071428571428    0.08333333333334             8
    0.27500000000000    0.16071428571428    0.08333333333334             8
    0.32500000000000    0.16071428571428    0.08333333333334             8
    0.37500000000000    0.16071428571428    0.08333333333334             8
    0.42500000000000    0.16071428571428    0.08333333333334             8
    0.47500000000000    0.16071428571428    0.08333333333334             8
    0.02500000000000    0.19642857142857    0.08333333333334             8
    0.07500000000000    0.19642857142857    0.08333333333334             8
    0.12500000000000    0.19642857142857    0.08333333333334             8
    0.17500000000000    0.19642857142857    0.08333333333334             8
    0.22500000000000    0.19642857142857    0.08333333333334             8
    0.27500000000000    0.19642857142857    0.08333333333334             8
    0.32500000000000    0.19642857142857    0.08333333333334             8
    0.37500000000000    0.19642857142857    0.08333333333334             8
    0.42500000000000    0.19642857142857    0.08333333333334             8
    0.47500000000000    0.19642857142857    0.08333333333334             8
    0.02500000000000    0.23214285714285    0.08333333333334             8
    0.07500000000000    0.23214285714285    0.08333333333334             8
    0.12500000000000    0.23214285714285    0.08333333333334             8
    0.17500000000000    0.23214285714285    0.08333333333334             8
    0.22500000000000    0.23214285714285    0.08333333333334             8
    0.27500000000000    0.23214285714285    0.08333333333334             8
    0.32500000000000    0.23214285714285    0.08333333333334             8
    0.37500000000000    0.23214285714285    0.08333333333334             8
    0.42500000000000    0.23214285714285    0.08333333333334             8
    0.47500000000000    0.23214285714285    0.08333333333334             8
    0.02500000000000    0.26785714285715    0.08333333333334             8
    0.07500000000000    0.26785714285715    0.08333333333334             8
    0.12500000000000    0.26785714285715    0.08333333333334             8
    0.17500000000000    0.26785714285715    0.08333333333334             8
    0.22500000000000    0.26785714285715    0.08333333333334             8
    0.27500000000000    0.26785714285715    0.08333333333334             8
    0.32500000000000    0.26785714285715    0.08333333333334             8
    0.37500000000000    0.26785714285715    0.08333333333334             8
    0.42500000000000    0.26785714285715    0.08333333333334             8
    0.47500000000000    0.26785714285715    0.08333333333334             8
    0.02500000000000    0.30357142857143    0.08333333333334             8
    0.07500000000000    0.30357142857143    0.08333333333334             8
    0.12500000000000    0.30357142857143    0.08333333333334             8
    0.17500000000000    0.30357142857143    0.08333333333334             8
    0.22500000000000    0.30357142857143    0.08333333333334             8
    0.27500000000000    0.30357142857143    0.08333333333334             8
    0.32500000000000    0.30357142857143    0.08333333333334             8
    0.37500000000000    0.30357142857143    0.08333333333334             8
    0.42500000000000    0.30357142857143    0.08333333333334             8
    0.47500000000000    0.30357142857143    0.08333333333334             8
    0.02500000000000    0.33928571428572    0.08333333333334             8
    0.07500000000000    0.33928571428572    0.08333333333334             8
    0.12500000000000    0.33928571428572    0.08333333333334             8
    0.17500000000000    0.33928571428572    0.08333333333334             8
    0.22500000000000    0.33928571428572    0.08333333333334             8
    0.27500000000000    0.33928571428572    0.08333333333334             8
    0.32500000000000    0.33928571428572    0.08333333333334             8
    0.37500000000000    0.33928571428572    0.08333333333334             8
    0.42500000000000    0.33928571428572    0.08333333333334             8
    0.47500000000000    0.33928571428572    0.08333333333334             8
    0.02500000000000    0.37500000000000    0.08333333333334             8
    0.07500000000000    0.37500000000000    0.08333333333334             8
    0.12500000000000    0.37500000000000    0.08333333333334             8
    0.17500000000000    0.37500000000000    0.08333333333334             8
    0.22500000000000    0.37500000000000    0.08333333333334             8
    0.27500000000000    0.37500000000000    0.08333333333334             8
    0.32500000000000    0.37500000000000    0.08333333333334             8
    0.37500000000000    0.37500000000000    0.08333333333334             8
    0.42500000000000    0.37500000000000    0.08333333333334             8
    0.47500000000000    0.37500000000000    0.08333333333334             8
    0.02500000000000    0.41071428571428    0.08333333333334             8
    0.07500000000000    0.41071428571428    0.08333333333334             8
    0.12500000000000    0.41071428571428    0.08333333333334             8
    0.17500000000000    0.41071428571428    0.08333333333334             8
    0.22500000000000    0.41071428571428    0.08333333333334             8
    0.27500000000000    0.41071428571428    0.08333333333334             8
    0.32500000000000    0.41071428571428    0.08333333333334             8
    0.37500000000000    0.41071428571428    0.08333333333334             8
    0.42500000000000    0.41071428571428    0.08333333333334             8
    0.47500000000000    0.41071428571428    0.08333333333334             8
    0.02500000000000    0.44642857142857    0.08333333333334             8
    0.07500000000000    0.44642857142857    0.08333333333334             8
    0.12500000000000    0.44642857142857    0.08333333333334             8
    0.17500000000000    0.44642857142857    0.08333333333334             8
    0.22500000000000    0.44642857142857    0.08333333333334             8
    0.27500000000000    0.44642857142857    0.08333333333334             8
    0.32500000000000    0.44642857142857    0.08333333333334             8
    0.37500000000000    0.44642857142857    0.08333333333334             8
    0.42500000000000    0.44642857142857    0.08333333333334             8
    0.47500000000000    0.44642857142857    0.08333333333334             8
    0.02500000000000    0.48214285714285    0.08333333333334             8
    0.07500000000000    0.48214285714285    0.08333333333334             8
    0.12500000000000    0.48214285714285    0.08333333333334             8
    0.17500000000000    0.48214285714285    0.08333333333334             8
    0.22500000000000    0.48214285714285    0.08333333333334             8
    0.27500000000000    0.48214285714285    0.08333333333334             8
    0.32500000000000    0.48214285714285    0.08333333333334             8
    0.37500000000000    0.48214285714285    0.08333333333334             8
    0.42500000000000    0.48214285714285    0.08333333333334             8
    0.47500000000000    0.48214285714285    0.08333333333334             8
    0.02500000000000    0.01785714285715    0.13888888888889             8
    0.07500000000000    0.01785714285715    0.13888888888889             8
    0.12500000000000    0.01785714285715    0.13888888888889             8
    0.17500000000000    0.01785714285715    0.13888888888889             8
    0.22500000000000    0.01785714285715    0.13888888888889             8
    0.27500000000000    0.01785714285715    0.13888888888889             8
    0.32500000000000    0.01785714285715    0.13888888888889             8
    0.37500000000000    0.01785714285715    0.13888888888889             8
    0.42500000000000    0.01785714285715    0.13888888888889             8
    0.47500000000000    0.01785714285715    0.13888888888889             8
    0.02500000000000    0.05357142857143    0.13888888888889             8
    0.07500000000000    0.05357142857143    0.13888888888889             8
    0.12500000000000    0.05357142857143    0.13888888888889             8
    0.17500000000000    0.05357142857143    0.13888888888889             8
    0.22500000000000    0.05357142857143    0.13888888888889             8
    0.27500000000000    0.05357142857143    0.13888888888889             8
    0.32500000000000    0.05357142857143    0.13888888888889             8
    0.37500000000000    0.05357142857143    0.13888888888889             8
    0.42500000000000    0.05357142857143    0.13888888888889             8
    0.47500000000000    0.05357142857143    0.13888888888889             8
    0.02500000000000    0.08928571428572    0.13888888888889             8
    0.07500000000000    0.08928571428572    0.13888888888889             8
    0.12500000000000    0.08928571428572    0.13888888888889             8
    0.17500000000000    0.08928571428572    0.13888888888889             8
    0.22500000000000    0.08928571428572    0.13888888888889             8
    0.27500000000000    0.08928571428572    0.13888888888889             8
    0.32500000000000    0.08928571428572    0.13888888888889             8
    0.37500000000000    0.08928571428572    0.13888888888889             8
    0.42500000000000    0.08928571428572    0.13888888888889             8
    0.47500000000000    0.08928571428572    0.13888888888889             8
    0.02500000000000    0.12500000000000    0.13888888888889             8
    0.07500000000000    0.12500000000000    0.13888888888889             8
    0.12500000000000    0.12500000000000    0.13888888888889             8
    0.17500000000000    0.12500000000000    0.13888888888889             8
    0.22500000000000    0.12500000000000    0.13888888888889             8
    0.27500000000000    0.12500000000000    0.13888888888889             8
    0.32500000000000    0.12500000000000    0.13888888888889             8
    0.37500000000000    0.12500000000000    0.13888888888889             8
    0.42500000000000    0.12500000000000    0.13888888888889             8
    0.47500000000000    0.12500000000000    0.13888888888889             8
    0.02500000000000    0.16071428571428    0.13888888888889             8
    0.07500000000000    0.16071428571428    0.13888888888889             8
    0.12500000000000    0.16071428571428    0.13888888888889             8
    0.17500000000000    0.16071428571428    0.13888888888889             8
    0.22500000000000    0.16071428571428    0.13888888888889             8
    0.27500000000000    0.16071428571428    0.13888888888889             8
    0.32500000000000    0.16071428571428    0.13888888888889             8
    0.37500000000000    0.16071428571428    0.13888888888889             8
    0.42500000000000    0.16071428571428    0.13888888888889             8
    0.47500000000000    0.16071428571428    0.13888888888889             8
    0.02500000000000    0.19642857142857    0.13888888888889             8
    0.07500000000000    0.19642857142857    0.13888888888889             8
    0.12500000000000    0.19642857142857    0.13888888888889             8
    0.17500000000000    0.19642857142857    0.13888888888889             8
    0.22500000000000    0.19642857142857    0.13888888888889             8
    0.27500000000000    0.19642857142857    0.13888888888889             8
    0.32500000000000    0.19642857142857    0.13888888888889             8
    0.37500000000000    0.19642857142857    0.13888888888889             8
    0.42500000000000    0.19642857142857    0.13888888888889             8
    0.47500000000000    0.19642857142857    0.13888888888889             8
    0.02500000000000    0.23214285714285    0.13888888888889             8
    0.07500000000000    0.23214285714285    0.13888888888889             8
    0.12500000000000    0.23214285714285    0.13888888888889             8
    0.17500000000000    0.23214285714285    0.13888888888889             8
    0.22500000000000    0.23214285714285    0.13888888888889             8
    0.27500000000000    0.23214285714285    0.13888888888889             8
    0.32500000000000    0.23214285714285    0.13888888888889             8
    0.37500000000000    0.23214285714285    0.13888888888889             8
    0.42500000000000    0.23214285714285    0.13888888888889             8
    0.47500000000000    0.23214285714285    0.13888888888889             8
    0.02500000000000    0.26785714285715    0.13888888888889             8
    0.07500000000000    0.26785714285715    0.13888888888889             8
    0.12500000000000    0.26785714285715    0.13888888888889             8
    0.17500000000000    0.26785714285715    0.13888888888889             8
    0.22500000000000    0.26785714285715    0.13888888888889             8
    0.27500000000000    0.26785714285715    0.13888888888889             8
    0.32500000000000    0.26785714285715    0.13888888888889             8
    0.37500000000000    0.26785714285715    0.13888888888889             8
    0.42500000000000    0.26785714285715    0.13888888888889             8
    0.47500000000000    0.26785714285715    0.13888888888889             8
    0.02500000000000    0.30357142857143    0.13888888888889             8
    0.07500000000000    0.30357142857143    0.13888888888889             8
    0.12500000000000    0.30357142857143    0.13888888888889             8
    0.17500000000000    0.30357142857143    0.13888888888889             8
    0.22500000000000    0.30357142857143    0.13888888888889             8
    0.27500000000000    0.30357142857143    0.13888888888889             8
    0.32500000000000    0.30357142857143    0.13888888888889             8
    0.37500000000000    0.30357142857143    0.13888888888889             8
    0.42500000000000    0.30357142857143    0.13888888888889             8
    0.47500000000000    0.30357142857143    0.13888888888889             8
    0.02500000000000    0.33928571428572    0.13888888888889             8
    0.07500000000000    0.33928571428572    0.13888888888889             8
    0.12500000000000    0.33928571428572    0.13888888888889             8
    0.17500000000000    0.33928571428572    0.13888888888889             8
    0.22500000000000    0.33928571428572    0.13888888888889             8
    0.27500000000000    0.33928571428572    0.13888888888889             8
    0.32500000000000    0.33928571428572    0.13888888888889             8
    0.37500000000000    0.33928571428572    0.13888888888889             8
    0.42500000000000    0.33928571428572    0.13888888888889             8
    0.47500000000000    0.33928571428572    0.13888888888889             8
    0.02500000000000    0.37500000000000    0.13888888888889             8
    0.07500000000000    0.37500000000000    0.13888888888889             8
    0.12500000000000    0.37500000000000    0.13888888888889             8
    0.17500000000000    0.37500000000000    0.13888888888889             8
    0.22500000000000    0.37500000000000    0.13888888888889             8
    0.27500000000000    0.37500000000000    0.13888888888889             8
    0.32500000000000    0.37500000000000    0.13888888888889             8
    0.37500000000000    0.37500000000000    0.13888888888889             8
    0.42500000000000    0.37500000000000    0.13888888888889             8
    0.47500000000000    0.37500000000000    0.13888888888889             8
    0.02500000000000    0.41071428571428    0.13888888888889             8
    0.07500000000000    0.41071428571428    0.13888888888889             8
    0.12500000000000    0.41071428571428    0.13888888888889             8
    0.17500000000000    0.41071428571428    0.13888888888889             8
    0.22500000000000    0.41071428571428    0.13888888888889             8
    0.27500000000000    0.41071428571428    0.13888888888889             8
    0.32500000000000    0.41071428571428    0.13888888888889             8
    0.37500000000000    0.41071428571428    0.13888888888889             8
    0.42500000000000    0.41071428571428    0.13888888888889             8
    0.47500000000000    0.41071428571428    0.13888888888889             8
    0.02500000000000    0.44642857142857    0.13888888888889             8
    0.07500000000000    0.44642857142857    0.13888888888889             8
    0.12500000000000    0.44642857142857    0.13888888888889             8
    0.17500000000000    0.44642857142857    0.13888888888889             8
    0.22500000000000    0.44642857142857    0.13888888888889             8
    0.27500000000000    0.44642857142857    0.13888888888889             8
    0.32500000000000    0.44642857142857    0.13888888888889             8
    0.37500000000000    0.44642857142857    0.13888888888889             8
    0.42500000000000    0.44642857142857    0.13888888888889             8
    0.47500000000000    0.44642857142857    0.13888888888889             8
    0.02500000000000    0.48214285714285    0.13888888888889             8
    0.07500000000000    0.48214285714285    0.13888888888889             8
    0.12500000000000    0.48214285714285    0.13888888888889             8
    0.17500000000000    0.48214285714285    0.13888888888889             8
    0.22500000000000    0.48214285714285    0.13888888888889             8
    0.27500000000000    0.48214285714285    0.13888888888889             8
    0.32500000000000    0.48214285714285    0.13888888888889             8
    0.37500000000000    0.48214285714285    0.13888888888889             8
    0.42500000000000    0.48214285714285    0.13888888888889             8
    0.47500000000000    0.48214285714285    0.13888888888889             8
    0.02500000000000    0.01785714285715    0.19444444444444             8
    0.07500000000000    0.01785714285715    0.19444444444444             8
    0.12500000000000    0.01785714285715    0.19444444444444             8
    0.17500000000000    0.01785714285715    0.19444444444444             8
    0.22500000000000    0.01785714285715    0.19444444444444             8
    0.27500000000000    0.01785714285715    0.19444444444444             8
    0.32500000000000    0.01785714285715    0.19444444444444             8
    0.37500000000000    0.01785714285715    0.19444444444444             8
    0.42500000000000    0.01785714285715    0.19444444444444             8
    0.47500000000000    0.01785714285715    0.19444444444444             8
    0.02500000000000    0.05357142857143    0.19444444444444             8
    0.07500000000000    0.05357142857143    0.19444444444444             8
    0.12500000000000    0.05357142857143    0.19444444444444             8
    0.17500000000000    0.05357142857143    0.19444444444444             8
    0.22500000000000    0.05357142857143    0.19444444444444             8
    0.27500000000000    0.05357142857143    0.19444444444444             8
    0.32500000000000    0.05357142857143    0.19444444444444             8
    0.37500000000000    0.05357142857143    0.19444444444444             8
    0.42500000000000    0.05357142857143    0.19444444444444             8
    0.47500000000000    0.05357142857143    0.19444444444444             8
    0.02500000000000    0.08928571428572    0.19444444444444             8
    0.07500000000000    0.08928571428572    0.19444444444444             8
    0.12500000000000    0.08928571428572    0.19444444444444             8
    0.17500000000000    0.08928571428572    0.19444444444444             8
    0.22500000000000    0.08928571428572    0.19444444444444             8
    0.27500000000000    0.08928571428572    0.19444444444444             8
    0.32500000000000    0.08928571428572    0.19444444444444             8
    0.37500000000000    0.08928571428572    0.19444444444444             8
    0.42500000000000    0.08928571428572    0.19444444444444             8
    0.47500000000000    0.08928571428572    0.19444444444444             8
    0.02500000000000    0.12500000000000    0.19444444444444             8
    0.07500000000000    0.12500000000000    0.19444444444444             8
    0.12500000000000    0.12500000000000    0.19444444444444             8
    0.17500000000000    0.12500000000000    0.19444444444444             8
    0.22500000000000    0.12500000000000    0.19444444444444             8
    0.27500000000000    0.12500000000000    0.19444444444444             8
    0.32500000000000    0.12500000000000    0.19444444444444             8
    0.37500000000000    0.12500000000000    0.19444444444444             8
    0.42500000000000    0.12500000000000    0.19444444444444             8
    0.47500000000000    0.12500000000000    0.19444444444444             8
    0.02500000000000    0.16071428571428    0.19444444444444             8
    0.07500000000000    0.16071428571428    0.19444444444444             8
    0.12500000000000    0.16071428571428    0.19444444444444             8
    0.17500000000000    0.16071428571428    0.19444444444444             8
    0.22500000000000    0.16071428571428    0.19444444444444             8
    0.27500000000000    0.16071428571428    0.19444444444444             8
    0.32500000000000    0.16071428571428    0.19444444444444             8
    0.37500000000000    0.16071428571428    0.19444444444444             8
    0.42500000000000    0.16071428571428    0.19444444444444             8
    0.47500000000000    0.16071428571428    0.19444444444444             8
    0.02500000000000    0.19642857142857    0.19444444444444             8
    0.07500000000000    0.19642857142857    0.19444444444444             8
    0.12500000000000    0.19642857142857    0.19444444444444             8
    0.17500000000000    0.19642857142857    0.19444444444444             8
    0.22500000000000    0.19642857142857    0.19444444444444             8
    0.27500000000000    0.19642857142857    0.19444444444444             8
    0.32500000000000    0.19642857142857    0.19444444444444             8
    0.37500000000000    0.19642857142857    0.19444444444444             8
    0.42500000000000    0.19642857142857    0.19444444444444             8
    0.47500000000000    0.19642857142857    0.19444444444444             8
    0.02500000000000    0.23214285714285    0.19444444444444             8
    0.07500000000000    0.23214285714285    0.19444444444444             8
    0.12500000000000    0.23214285714285    0.19444444444444             8
    0.17500000000000    0.23214285714285    0.19444444444444             8
    0.22500000000000    0.23214285714285    0.19444444444444             8
    0.27500000000000    0.23214285714285    0.19444444444444             8
    0.32500000000000    0.23214285714285    0.19444444444444             8
    0.37500000000000    0.23214285714285    0.19444444444444             8
    0.42500000000000    0.23214285714285    0.19444444444444             8
    0.47500000000000    0.23214285714285    0.19444444444444             8
    0.02500000000000    0.26785714285715    0.19444444444444             8
    0.07500000000000    0.26785714285715    0.19444444444444             8
    0.12500000000000    0.26785714285715    0.19444444444444             8
    0.17500000000000    0.26785714285715    0.19444444444444             8
    0.22500000000000    0.26785714285715    0.19444444444444             8
    0.27500000000000    0.26785714285715    0.19444444444444             8
    0.32500000000000    0.26785714285715    0.19444444444444             8
    0.37500000000000    0.26785714285715    0.19444444444444             8
    0.42500000000000    0.26785714285715    0.19444444444444             8
    0.47500000000000    0.26785714285715    0.19444444444444             8
    0.02500000000000    0.30357142857143    0.19444444444444             8
    0.07500000000000    0.30357142857143    0.19444444444444             8
    0.12500000000000    0.30357142857143    0.19444444444444             8
    0.17500000000000    0.30357142857143    0.19444444444444             8
    0.22500000000000    0.30357142857143    0.19444444444444             8
    0.27500000000000    0.30357142857143    0.19444444444444             8
    0.32500000000000    0.30357142857143    0.19444444444444             8
    0.37500000000000    0.30357142857143    0.19444444444444             8
    0.42500000000000    0.30357142857143    0.19444444444444             8
    0.47500000000000    0.30357142857143    0.19444444444444             8
    0.02500000000000    0.33928571428572    0.19444444444444             8
    0.07500000000000    0.33928571428572    0.19444444444444             8
    0.12500000000000    0.33928571428572    0.19444444444444             8
    0.17500000000000    0.33928571428572    0.19444444444444             8
    0.22500000000000    0.33928571428572    0.19444444444444             8
    0.27500000000000    0.33928571428572    0.19444444444444             8
    0.32500000000000    0.33928571428572    0.19444444444444             8
    0.37500000000000    0.33928571428572    0.19444444444444             8
    0.42500000000000    0.33928571428572    0.19444444444444             8
    0.47500000000000    0.33928571428572    0.19444444444444             8
    0.02500000000000    0.37500000000000    0.19444444444444             8
    0.07500000000000    0.37500000000000    0.19444444444444             8
    0.12500000000000    0.37500000000000    0.19444444444444             8
    0.17500000000000    0.37500000000000    0.19444444444444             8
    0.22500000000000    0.37500000000000    0.19444444444444             8
    0.27500000000000    0.37500000000000    0.19444444444444             8
    0.32500000000000    0.37500000000000    0.19444444444444             8
    0.37500000000000    0.37500000000000    0.19444444444444             8
    0.42500000000000    0.37500000000000    0.19444444444444             8
    0.47500000000000    0.37500000000000    0.19444444444444             8
    0.02500000000000    0.41071428571428    0.19444444444444             8
    0.07500000000000    0.41071428571428    0.19444444444444             8
    0.12500000000000    0.41071428571428    0.19444444444444             8
    0.17500000000000    0.41071428571428    0.19444444444444             8
    0.22500000000000    0.41071428571428    0.19444444444444             8
    0.27500000000000    0.41071428571428    0.19444444444444             8
    0.32500000000000    0.41071428571428    0.19444444444444             8
    0.37500000000000    0.41071428571428    0.19444444444444             8
    0.42500000000000    0.41071428571428    0.19444444444444             8
    0.47500000000000    0.41071428571428    0.19444444444444             8
    0.02500000000000    0.44642857142857    0.19444444444444             8
    0.07500000000000    0.44642857142857    0.19444444444444             8
    0.12500000000000    0.44642857142857    0.19444444444444             8
    0.17500000000000    0.44642857142857    0.19444444444444             8
    0.22500000000000    0.44642857142857    0.19444444444444             8
    0.27500000000000    0.44642857142857    0.19444444444444             8
    0.32500000000000    0.44642857142857    0.19444444444444             8
    0.37500000000000    0.44642857142857    0.19444444444444             8
    0.42500000000000    0.44642857142857    0.19444444444444             8
    0.47500000000000    0.44642857142857    0.19444444444444             8
    0.02500000000000    0.48214285714285    0.19444444444444             8
    0.07500000000000    0.48214285714285    0.19444444444444             8
    0.12500000000000    0.48214285714285    0.19444444444444             8
    0.17500000000000    0.48214285714285    0.19444444444444             8
    0.22500000000000    0.48214285714285    0.19444444444444             8
    0.27500000000000    0.48214285714285    0.19444444444444             8
    0.32500000000000    0.48214285714285    0.19444444444444             8
    0.37500000000000    0.48214285714285    0.19444444444444             8
    0.42500000000000    0.48214285714285    0.19444444444444             8
    0.47500000000000    0.48214285714285    0.19444444444444             8
    0.02500000000000    0.01785714285715    0.25000000000000             8
    0.07500000000000    0.01785714285715    0.25000000000000             8
    0.12500000000000    0.01785714285715    0.25000000000000             8
    0.17500000000000    0.01785714285715    0.25000000000000             8
    0.22500000000000    0.01785714285715    0.25000000000000             8
    0.27500000000000    0.01785714285715    0.25000000000000             8
    0.32500000000000    0.01785714285715    0.25000000000000             8
    0.37500000000000    0.01785714285715    0.25000000000000             8
    0.42500000000000    0.01785714285715    0.25000000000000             8
    0.47500000000000    0.01785714285715    0.25000000000000             8
    0.02500000000000    0.05357142857143    0.25000000000000             8
    0.07500000000000    0.05357142857143    0.25000000000000             8
    0.12500000000000    0.05357142857143    0.25000000000000             8
    0.17500000000000    0.05357142857143    0.25000000000000             8
    0.22500000000000    0.05357142857143    0.25000000000000             8
    0.27500000000000    0.05357142857143    0.25000000000000             8
    0.32500000000000    0.05357142857143    0.25000000000000             8
    0.37500000000000    0.05357142857143    0.25000000000000             8
    0.42500000000000    0.05357142857143    0.25000000000000             8
    0.47500000000000    0.05357142857143    0.25000000000000             8
    0.02500000000000    0.08928571428572    0.25000000000000             8
    0.07500000000000    0.08928571428572    0.25000000000000             8
    0.12500000000000    0.08928571428572    0.25000000000000             8
    0.17500000000000    0.08928571428572    0.25000000000000             8
    0.22500000000000    0.08928571428572    0.25000000000000             8
    0.27500000000000    0.08928571428572    0.25000000000000             8
    0.32500000000000    0.08928571428572    0.25000000000000             8
    0.37500000000000    0.08928571428572    0.25000000000000             8
    0.42500000000000    0.08928571428572    0.25000000000000             8
    0.47500000000000    0.08928571428572    0.25000000000000             8
    0.02500000000000    0.12500000000000    0.25000000000000             8
    0.07500000000000    0.12500000000000    0.25000000000000             8
    0.12500000000000    0.12500000000000    0.25000000000000             8
    0.17500000000000    0.12500000000000    0.25000000000000             8
    0.22500000000000    0.12500000000000    0.25000000000000             8
    0.27500000000000    0.12500000000000    0.25000000000000             8
    0.32500000000000    0.12500000000000    0.25000000000000             8
    0.37500000000000    0.12500000000000    0.25000000000000             8
    0.42500000000000    0.12500000000000    0.25000000000000             8
    0.47500000000000    0.12500000000000    0.25000000000000             8
    0.02500000000000    0.16071428571428    0.25000000000000             8
    0.07500000000000    0.16071428571428    0.25000000000000             8
    0.12500000000000    0.16071428571428    0.25000000000000             8
    0.17500000000000    0.16071428571428    0.25000000000000             8
    0.22500000000000    0.16071428571428    0.25000000000000             8
    0.27500000000000    0.16071428571428    0.25000000000000             8
    0.32500000000000    0.16071428571428    0.25000000000000             8
    0.37500000000000    0.16071428571428    0.25000000000000             8
    0.42500000000000    0.16071428571428    0.25000000000000             8
    0.47500000000000    0.16071428571428    0.25000000000000             8
    0.02500000000000    0.19642857142857    0.25000000000000             8
    0.07500000000000    0.19642857142857    0.25000000000000             8
    0.12500000000000    0.19642857142857    0.25000000000000             8
    0.17500000000000    0.19642857142857    0.25000000000000             8
    0.22500000000000    0.19642857142857    0.25000000000000             8
    0.27500000000000    0.19642857142857    0.25000000000000             8
    0.32500000000000    0.19642857142857    0.25000000000000             8
    0.37500000000000    0.19642857142857    0.25000000000000             8
    0.42500000000000    0.19642857142857    0.25000000000000             8
    0.47500000000000    0.19642857142857    0.25000000000000             8
    0.02500000000000    0.23214285714285    0.25000000000000             8
    0.07500000000000    0.23214285714285    0.25000000000000             8
    0.12500000000000    0.23214285714285    0.25000000000000             8
    0.17500000000000    0.23214285714285    0.25000000000000             8
    0.22500000000000    0.23214285714285    0.25000000000000             8
    0.27500000000000    0.23214285714285    0.25000000000000             8
    0.32500000000000    0.23214285714285    0.25000000000000             8
    0.37500000000000    0.23214285714285    0.25000000000000             8
    0.42500000000000    0.23214285714285    0.25000000000000             8
    0.47500000000000    0.23214285714285    0.25000000000000             8
    0.02500000000000    0.26785714285715    0.25000000000000             8
    0.07500000000000    0.26785714285715    0.25000000000000             8
    0.12500000000000    0.26785714285715    0.25000000000000             8
    0.17500000000000    0.26785714285715    0.25000000000000             8
    0.22500000000000    0.26785714285715    0.25000000000000             8
    0.27500000000000    0.26785714285715    0.25000000000000             8
    0.32500000000000    0.26785714285715    0.25000000000000             8
    0.37500000000000    0.26785714285715    0.25000000000000             8
    0.42500000000000    0.26785714285715    0.25000000000000             8
    0.47500000000000    0.26785714285715    0.25000000000000             8
    0.02500000000000    0.30357142857143    0.25000000000000             8
    0.07500000000000    0.30357142857143    0.25000000000000             8
    0.12500000000000    0.30357142857143    0.25000000000000             8
    0.17500000000000    0.30357142857143    0.25000000000000             8
    0.22500000000000    0.30357142857143    0.25000000000000             8
    0.27500000000000    0.30357142857143    0.25000000000000             8
    0.32500000000000    0.30357142857143    0.25000000000000             8
    0.37500000000000    0.30357142857143    0.25000000000000             8
    0.42500000000000    0.30357142857143    0.25000000000000             8
    0.47500000000000    0.30357142857143    0.25000000000000             8
    0.02500000000000    0.33928571428572    0.25000000000000             8
    0.07500000000000    0.33928571428572    0.25000000000000             8
    0.12500000000000    0.33928571428572    0.25000000000000             8
    0.17500000000000    0.33928571428572    0.25000000000000             8
    0.22500000000000    0.33928571428572    0.25000000000000             8
    0.27500000000000    0.33928571428572    0.25000000000000             8
    0.32500000000000    0.33928571428572    0.25000000000000             8
    0.37500000000000    0.33928571428572    0.25000000000000             8
    0.42500000000000    0.33928571428572    0.25000000000000             8
    0.47500000000000    0.33928571428572    0.25000000000000             8
    0.02500000000000    0.37500000000000    0.25000000000000             8
    0.07500000000000    0.37500000000000    0.25000000000000             8
    0.12500000000000    0.37500000000000    0.25000000000000             8
    0.17500000000000    0.37500000000000    0.25000000000000             8
    0.22500000000000    0.37500000000000    0.25000000000000             8
    0.27500000000000    0.37500000000000    0.25000000000000             8
    0.32500000000000    0.37500000000000    0.25000000000000             8
    0.37500000000000    0.37500000000000    0.25000000000000             8
    0.42500000000000    0.37500000000000    0.25000000000000             8
    0.47500000000000    0.37500000000000    0.25000000000000             8
    0.02500000000000    0.41071428571428    0.25000000000000             8
    0.07500000000000    0.41071428571428    0.25000000000000             8
    0.12500000000000    0.41071428571428    0.25000000000000             8
    0.17500000000000    0.41071428571428    0.25000000000000             8
    0.22500000000000    0.41071428571428    0.25000000000000             8
    0.27500000000000    0.41071428571428    0.25000000000000             8
    0.32500000000000    0.41071428571428    0.25000000000000             8
    0.37500000000000    0.41071428571428    0.25000000000000             8
    0.42500000000000    0.41071428571428    0.25000000000000             8
    0.47500000000000    0.41071428571428    0.25000000000000             8
    0.02500000000000    0.44642857142857    0.25000000000000             8
    0.07500000000000    0.44642857142857    0.25000000000000             8
    0.12500000000000    0.44642857142857    0.25000000000000             8
    0.17500000000000    0.44642857142857    0.25000000000000             8
    0.22500000000000    0.44642857142857    0.25000000000000             8
    0.27500000000000    0.44642857142857    0.25000000000000             8
    0.32500000000000    0.44642857142857    0.25000000000000             8
    0.37500000000000    0.44642857142857    0.25000000000000             8
    0.42500000000000    0.44642857142857    0.25000000000000             8
    0.47500000000000    0.44642857142857    0.25000000000000             8
    0.02500000000000    0.48214285714285    0.25000000000000             8
    0.07500000000000    0.48214285714285    0.25000000000000             8
    0.12500000000000    0.48214285714285    0.25000000000000             8
    0.17500000000000    0.48214285714285    0.25000000000000             8
    0.22500000000000    0.48214285714285    0.25000000000000             8
    0.27500000000000    0.48214285714285    0.25000000000000             8
    0.32500000000000    0.48214285714285    0.25000000000000             8
    0.37500000000000    0.48214285714285    0.25000000000000             8
    0.42500000000000    0.48214285714285    0.25000000000000             8
    0.47500000000000    0.48214285714285    0.25000000000000             8
    0.02500000000000    0.01785714285715    0.30555555555556             8
    0.07500000000000    0.01785714285715    0.30555555555556             8
    0.12500000000000    0.01785714285715    0.30555555555556             8
    0.17500000000000    0.01785714285715    0.30555555555556             8
    0.22500000000000    0.01785714285715    0.30555555555556             8
    0.27500000000000    0.01785714285715    0.30555555555556             8
    0.32500000000000    0.01785714285715    0.30555555555556             8
    0.37500000000000    0.01785714285715    0.30555555555556             8
    0.42500000000000    0.01785714285715    0.30555555555556             8
    0.47500000000000    0.01785714285715    0.30555555555556             8
    0.02500000000000    0.05357142857143    0.30555555555556             8
    0.07500000000000    0.05357142857143    0.30555555555556             8
    0.12500000000000    0.05357142857143    0.30555555555556             8
    0.17500000000000    0.05357142857143    0.30555555555556             8
    0.22500000000000    0.05357142857143    0.30555555555556             8
    0.27500000000000    0.05357142857143    0.30555555555556             8
    0.32500000000000    0.05357142857143    0.30555555555556             8
    0.37500000000000    0.05357142857143    0.30555555555556             8
    0.42500000000000    0.05357142857143    0.30555555555556             8
    0.47500000000000    0.05357142857143    0.30555555555556             8
    0.02500000000000    0.08928571428572    0.30555555555556             8
    0.07500000000000    0.08928571428572    0.30555555555556             8
    0.12500000000000    0.08928571428572    0.30555555555556             8
    0.17500000000000    0.08928571428572    0.30555555555556             8
    0.22500000000000    0.08928571428572    0.30555555555556             8
    0.27500000000000    0.08928571428572    0.30555555555556             8
    0.32500000000000    0.08928571428572    0.30555555555556             8
    0.37500000000000    0.08928571428572    0.30555555555556             8
    0.42500000000000    0.08928571428572    0.30555555555556             8
    0.47500000000000    0.08928571428572    0.30555555555556             8
    0.02500000000000    0.12500000000000    0.30555555555556             8
    0.07500000000000    0.12500000000000    0.30555555555556             8
    0.12500000000000    0.12500000000000    0.30555555555556             8
    0.17500000000000    0.12500000000000    0.30555555555556             8
    0.22500000000000    0.12500000000000    0.30555555555556             8
    0.27500000000000    0.12500000000000    0.30555555555556             8
    0.32500000000000    0.12500000000000    0.30555555555556             8
    0.37500000000000    0.12500000000000    0.30555555555556             8
    0.42500000000000    0.12500000000000    0.30555555555556             8
    0.47500000000000    0.12500000000000    0.30555555555556             8
    0.02500000000000    0.16071428571428    0.30555555555556             8
    0.07500000000000    0.16071428571428    0.30555555555556             8
    0.12500000000000    0.16071428571428    0.30555555555556             8
    0.17500000000000    0.16071428571428    0.30555555555556             8
    0.22500000000000    0.16071428571428    0.30555555555556             8
    0.27500000000000    0.16071428571428    0.30555555555556             8
    0.32500000000000    0.16071428571428    0.30555555555556             8
    0.37500000000000    0.16071428571428    0.30555555555556             8
    0.42500000000000    0.16071428571428    0.30555555555556             8
    0.47500000000000    0.16071428571428    0.30555555555556             8
    0.02500000000000    0.19642857142857    0.30555555555556             8
    0.07500000000000    0.19642857142857    0.30555555555556             8
    0.12500000000000    0.19642857142857    0.30555555555556             8
    0.17500000000000    0.19642857142857    0.30555555555556             8
    0.22500000000000    0.19642857142857    0.30555555555556             8
    0.27500000000000    0.19642857142857    0.30555555555556             8
    0.32500000000000    0.19642857142857    0.30555555555556             8
    0.37500000000000    0.19642857142857    0.30555555555556             8
    0.42500000000000    0.19642857142857    0.30555555555556             8
    0.47500000000000    0.19642857142857    0.30555555555556             8
    0.02500000000000    0.23214285714285    0.30555555555556             8
    0.07500000000000    0.23214285714285    0.30555555555556             8
    0.12500000000000    0.23214285714285    0.30555555555556             8
    0.17500000000000    0.23214285714285    0.30555555555556             8
    0.22500000000000    0.23214285714285    0.30555555555556             8
    0.27500000000000    0.23214285714285    0.30555555555556             8
    0.32500000000000    0.23214285714285    0.30555555555556             8
    0.37500000000000    0.23214285714285    0.30555555555556             8
    0.42500000000000    0.23214285714285    0.30555555555556             8
    0.47500000000000    0.23214285714285    0.30555555555556             8
    0.02500000000000    0.26785714285715    0.30555555555556             8
    0.07500000000000    0.26785714285715    0.30555555555556             8
    0.12500000000000    0.26785714285715    0.30555555555556             8
    0.17500000000000    0.26785714285715    0.30555555555556             8
    0.22500000000000    0.26785714285715    0.30555555555556             8
    0.27500000000000    0.26785714285715    0.30555555555556             8
    0.32500000000000    0.26785714285715    0.30555555555556             8
    0.37500000000000    0.26785714285715    0.30555555555556             8
    0.42500000000000    0.26785714285715    0.30555555555556             8
    0.47500000000000    0.26785714285715    0.30555555555556             8
    0.02500000000000    0.30357142857143    0.30555555555556             8
    0.07500000000000    0.30357142857143    0.30555555555556             8
    0.12500000000000    0.30357142857143    0.30555555555556             8
    0.17500000000000    0.30357142857143    0.30555555555556             8
    0.22500000000000    0.30357142857143    0.30555555555556             8
    0.27500000000000    0.30357142857143    0.30555555555556             8
    0.32500000000000    0.30357142857143    0.30555555555556             8
    0.37500000000000    0.30357142857143    0.30555555555556             8
    0.42500000000000    0.30357142857143    0.30555555555556             8
    0.47500000000000    0.30357142857143    0.30555555555556             8
    0.02500000000000    0.33928571428572    0.30555555555556             8
    0.07500000000000    0.33928571428572    0.30555555555556             8
    0.12500000000000    0.33928571428572    0.30555555555556             8
    0.17500000000000    0.33928571428572    0.30555555555556             8
    0.22500000000000    0.33928571428572    0.30555555555556             8
    0.27500000000000    0.33928571428572    0.30555555555556             8
    0.32500000000000    0.33928571428572    0.30555555555556             8
    0.37500000000000    0.33928571428572    0.30555555555556             8
    0.42500000000000    0.33928571428572    0.30555555555556             8
    0.47500000000000    0.33928571428572    0.30555555555556             8
    0.02500000000000    0.37500000000000    0.30555555555556             8
    0.07500000000000    0.37500000000000    0.30555555555556             8
    0.12500000000000    0.37500000000000    0.30555555555556             8
    0.17500000000000    0.37500000000000    0.30555555555556             8
    0.22500000000000    0.37500000000000    0.30555555555556             8
    0.27500000000000    0.37500000000000    0.30555555555556             8
    0.32500000000000    0.37500000000000    0.30555555555556             8
    0.37500000000000    0.37500000000000    0.30555555555556             8
    0.42500000000000    0.37500000000000    0.30555555555556             8
    0.47500000000000    0.37500000000000    0.30555555555556             8
    0.02500000000000    0.41071428571428    0.30555555555556             8
    0.07500000000000    0.41071428571428    0.30555555555556             8
    0.12500000000000    0.41071428571428    0.30555555555556             8
    0.17500000000000    0.41071428571428    0.30555555555556             8
    0.22500000000000    0.41071428571428    0.30555555555556             8
    0.27500000000000    0.41071428571428    0.30555555555556             8
    0.32500000000000    0.41071428571428    0.30555555555556             8
    0.37500000000000    0.41071428571428    0.30555555555556             8
    0.42500000000000    0.41071428571428    0.30555555555556             8
    0.47500000000000    0.41071428571428    0.30555555555556             8
    0.02500000000000    0.44642857142857    0.30555555555556             8
    0.07500000000000    0.44642857142857    0.30555555555556             8
    0.12500000000000    0.44642857142857    0.30555555555556             8
    0.17500000000000    0.44642857142857    0.30555555555556             8
    0.22500000000000    0.44642857142857    0.30555555555556             8
    0.27500000000000    0.44642857142857    0.30555555555556             8
    0.32500000000000    0.44642857142857    0.30555555555556             8
    0.37500000000000    0.44642857142857    0.30555555555556             8
    0.42500000000000    0.44642857142857    0.30555555555556             8
    0.47500000000000    0.44642857142857    0.30555555555556             8
    0.02500000000000    0.48214285714285    0.30555555555556             8
    0.07500000000000    0.48214285714285    0.30555555555556             8
    0.12500000000000    0.48214285714285    0.30555555555556             8
    0.17500000000000    0.48214285714285    0.30555555555556             8
    0.22500000000000    0.48214285714285    0.30555555555556             8
    0.27500000000000    0.48214285714285    0.30555555555556             8
    0.32500000000000    0.48214285714285    0.30555555555556             8
    0.37500000000000    0.48214285714285    0.30555555555556             8
    0.42500000000000    0.48214285714285    0.30555555555556             8
    0.47500000000000    0.48214285714285    0.30555555555556             8
    0.02500000000000    0.01785714285715    0.36111111111111             8
    0.07500000000000    0.01785714285715    0.36111111111111             8
    0.12500000000000    0.01785714285715    0.36111111111111             8
    0.17500000000000    0.01785714285715    0.36111111111111             8
    0.22500000000000    0.01785714285715    0.36111111111111             8
    0.27500000000000    0.01785714285715    0.36111111111111             8
    0.32500000000000    0.01785714285715    0.36111111111111             8
    0.37500000000000    0.01785714285715    0.36111111111111             8
    0.42500000000000    0.01785714285715    0.36111111111111             8
    0.47500000000000    0.01785714285715    0.36111111111111             8
    0.02500000000000    0.05357142857143    0.36111111111111             8
    0.07500000000000    0.05357142857143    0.36111111111111             8
    0.12500000000000    0.05357142857143    0.36111111111111             8
    0.17500000000000    0.05357142857143    0.36111111111111             8
    0.22500000000000    0.05357142857143    0.36111111111111             8
    0.27500000000000    0.05357142857143    0.36111111111111             8
    0.32500000000000    0.05357142857143    0.36111111111111             8
    0.37500000000000    0.05357142857143    0.36111111111111             8
    0.42500000000000    0.05357142857143    0.36111111111111             8
    0.47500000000000    0.05357142857143    0.36111111111111             8
    0.02500000000000    0.08928571428572    0.36111111111111             8
    0.07500000000000    0.08928571428572    0.36111111111111             8
    0.12500000000000    0.08928571428572    0.36111111111111             8
    0.17500000000000    0.08928571428572    0.36111111111111             8
    0.22500000000000    0.08928571428572    0.36111111111111             8
    0.27500000000000    0.08928571428572    0.36111111111111             8
    0.32500000000000    0.08928571428572    0.36111111111111             8
    0.37500000000000    0.08928571428572    0.36111111111111             8
    0.42500000000000    0.08928571428572    0.36111111111111             8
    0.47500000000000    0.08928571428572    0.36111111111111             8
    0.02500000000000    0.12500000000000    0.36111111111111             8
    0.07500000000000    0.12500000000000    0.36111111111111             8
    0.12500000000000    0.12500000000000    0.36111111111111             8
    0.17500000000000    0.12500000000000    0.36111111111111             8
    0.22500000000000    0.12500000000000    0.36111111111111             8
    0.27500000000000    0.12500000000000    0.36111111111111             8
    0.32500000000000    0.12500000000000    0.36111111111111             8
    0.37500000000000    0.12500000000000    0.36111111111111             8
    0.42500000000000    0.12500000000000    0.36111111111111             8
    0.47500000000000    0.12500000000000    0.36111111111111             8
    0.02500000000000    0.16071428571428    0.36111111111111             8
    0.07500000000000    0.16071428571428    0.36111111111111             8
    0.12500000000000    0.16071428571428    0.36111111111111             8
    0.17500000000000    0.16071428571428    0.36111111111111             8
    0.22500000000000    0.16071428571428    0.36111111111111             8
    0.27500000000000    0.16071428571428    0.36111111111111             8
    0.32500000000000    0.16071428571428    0.36111111111111             8
    0.37500000000000    0.16071428571428    0.36111111111111             8
    0.42500000000000    0.16071428571428    0.36111111111111             8
    0.47500000000000    0.16071428571428    0.36111111111111             8
    0.02500000000000    0.19642857142857    0.36111111111111             8
    0.07500000000000    0.19642857142857    0.36111111111111             8
    0.12500000000000    0.19642857142857    0.36111111111111             8
    0.17500000000000    0.19642857142857    0.36111111111111             8
    0.22500000000000    0.19642857142857    0.36111111111111             8
    0.27500000000000    0.19642857142857    0.36111111111111             8
    0.32500000000000    0.19642857142857    0.36111111111111             8
    0.37500000000000    0.19642857142857    0.36111111111111             8
    0.42500000000000    0.19642857142857    0.36111111111111             8
    0.47500000000000    0.19642857142857    0.36111111111111             8
    0.02500000000000    0.23214285714285    0.36111111111111             8
    0.07500000000000    0.23214285714285    0.36111111111111             8
    0.12500000000000    0.23214285714285    0.36111111111111             8
    0.17500000000000    0.23214285714285    0.36111111111111             8
    0.22500000000000    0.23214285714285    0.36111111111111             8
    0.27500000000000    0.23214285714285    0.36111111111111             8
    0.32500000000000    0.23214285714285    0.36111111111111             8
    0.37500000000000    0.23214285714285    0.36111111111111             8
    0.42500000000000    0.23214285714285    0.36111111111111             8
    0.47500000000000    0.23214285714285    0.36111111111111             8
    0.02500000000000    0.26785714285715    0.36111111111111             8
    0.07500000000000    0.26785714285715    0.36111111111111             8
    0.12500000000000    0.26785714285715    0.36111111111111             8
    0.17500000000000    0.26785714285715    0.36111111111111             8
    0.22500000000000    0.26785714285715    0.36111111111111             8
    0.27500000000000    0.26785714285715    0.36111111111111             8
    0.32500000000000    0.26785714285715    0.36111111111111             8
    0.37500000000000    0.26785714285715    0.36111111111111             8
    0.42500000000000    0.26785714285715    0.36111111111111             8
    0.47500000000000    0.26785714285715    0.36111111111111             8
    0.02500000000000    0.30357142857143    0.36111111111111             8
    0.07500000000000    0.30357142857143    0.36111111111111             8
    0.12500000000000    0.30357142857143    0.36111111111111             8
    0.17500000000000    0.30357142857143    0.36111111111111             8
    0.22500000000000    0.30357142857143    0.36111111111111             8
    0.27500000000000    0.30357142857143    0.36111111111111             8
    0.32500000000000    0.30357142857143    0.36111111111111             8
    0.37500000000000    0.30357142857143    0.36111111111111             8
    0.42500000000000    0.30357142857143    0.36111111111111             8
    0.47500000000000    0.30357142857143    0.36111111111111             8
    0.02500000000000    0.33928571428572    0.36111111111111             8
    0.07500000000000    0.33928571428572    0.36111111111111             8
    0.12500000000000    0.33928571428572    0.36111111111111             8
    0.17500000000000    0.33928571428572    0.36111111111111             8
    0.22500000000000    0.33928571428572    0.36111111111111             8
    0.27500000000000    0.33928571428572    0.36111111111111             8
    0.32500000000000    0.33928571428572    0.36111111111111             8
    0.37500000000000    0.33928571428572    0.36111111111111             8
    0.42500000000000    0.33928571428572    0.36111111111111             8
    0.47500000000000    0.33928571428572    0.36111111111111             8
    0.02500000000000    0.37500000000000    0.36111111111111             8
    0.07500000000000    0.37500000000000    0.36111111111111             8
    0.12500000000000    0.37500000000000    0.36111111111111             8
    0.17500000000000    0.37500000000000    0.36111111111111             8
    0.22500000000000    0.37500000000000    0.36111111111111             8
    0.27500000000000    0.37500000000000    0.36111111111111             8
    0.32500000000000    0.37500000000000    0.36111111111111             8
    0.37500000000000    0.37500000000000    0.36111111111111             8
    0.42500000000000    0.37500000000000    0.36111111111111             8
    0.47500000000000    0.37500000000000    0.36111111111111             8
    0.02500000000000    0.41071428571428    0.36111111111111             8
    0.07500000000000    0.41071428571428    0.36111111111111             8
    0.12500000000000    0.41071428571428    0.36111111111111             8
    0.17500000000000    0.41071428571428    0.36111111111111             8
    0.22500000000000    0.41071428571428    0.36111111111111             8
    0.27500000000000    0.41071428571428    0.36111111111111             8
    0.32500000000000    0.41071428571428    0.36111111111111             8
    0.37500000000000    0.41071428571428    0.36111111111111             8
    0.42500000000000    0.41071428571428    0.36111111111111             8
    0.47500000000000    0.41071428571428    0.36111111111111             8
    0.02500000000000    0.44642857142857    0.36111111111111             8
    0.07500000000000    0.44642857142857    0.36111111111111             8
    0.12500000000000    0.44642857142857    0.36111111111111             8
    0.17500000000000    0.44642857142857    0.36111111111111             8
    0.22500000000000    0.44642857142857    0.36111111111111             8
    0.27500000000000    0.44642857142857    0.36111111111111             8
    0.32500000000000    0.44642857142857    0.36111111111111             8
    0.37500000000000    0.44642857142857    0.36111111111111             8
    0.42500000000000    0.44642857142857    0.36111111111111             8
    0.47500000000000    0.44642857142857    0.36111111111111             8
    0.02500000000000    0.48214285714285    0.36111111111111             8
    0.07500000000000    0.48214285714285    0.36111111111111             8
    0.12500000000000    0.48214285714285    0.36111111111111             8
    0.17500000000000    0.48214285714285    0.36111111111111             8
    0.22500000000000    0.48214285714285    0.36111111111111             8
    0.27500000000000    0.48214285714285    0.36111111111111             8
    0.32500000000000    0.48214285714285    0.36111111111111             8
    0.37500000000000    0.48214285714285    0.36111111111111             8
    0.42500000000000    0.48214285714285    0.36111111111111             8
    0.47500000000000    0.48214285714285    0.36111111111111             8
    0.02500000000000    0.01785714285715    0.41666666666666             8
    0.07500000000000    0.01785714285715    0.41666666666666             8
    0.12500000000000    0.01785714285715    0.41666666666666             8
    0.17500000000000    0.01785714285715    0.41666666666666             8
    0.22500000000000    0.01785714285715    0.41666666666666             8
    0.27500000000000    0.01785714285715    0.41666666666666             8
    0.32500000000000    0.01785714285715    0.41666666666666             8
    0.37500000000000    0.01785714285715    0.41666666666666             8
    0.42500000000000    0.01785714285715    0.41666666666666             8
    0.47500000000000    0.01785714285715    0.41666666666666             8
    0.02500000000000    0.05357142857143    0.41666666666666             8
    0.07500000000000    0.05357142857143    0.41666666666666             8
    0.12500000000000    0.05357142857143    0.41666666666666             8
    0.17500000000000    0.05357142857143    0.41666666666666             8
    0.22500000000000    0.05357142857143    0.41666666666666             8
    0.27500000000000    0.05357142857143    0.41666666666666             8
    0.32500000000000    0.05357142857143    0.41666666666666             8
    0.37500000000000    0.05357142857143    0.41666666666666             8
    0.42500000000000    0.05357142857143    0.41666666666666             8
    0.47500000000000    0.05357142857143    0.41666666666666             8
    0.02500000000000    0.08928571428572    0.41666666666666             8
    0.07500000000000    0.08928571428572    0.41666666666666             8
    0.12500000000000    0.08928571428572    0.41666666666666             8
    0.17500000000000    0.08928571428572    0.41666666666666             8
    0.22500000000000    0.08928571428572    0.41666666666666             8
    0.27500000000000    0.08928571428572    0.41666666666666             8
    0.32500000000000    0.08928571428572    0.41666666666666             8
    0.37500000000000    0.08928571428572    0.41666666666666             8
    0.42500000000000    0.08928571428572    0.41666666666666             8
    0.47500000000000    0.08928571428572    0.41666666666666             8
    0.02500000000000    0.12500000000000    0.41666666666666             8
    0.07500000000000    0.12500000000000    0.41666666666666             8
    0.12500000000000    0.12500000000000    0.41666666666666             8
    0.17500000000000    0.12500000000000    0.41666666666666             8
    0.22500000000000    0.12500000000000    0.41666666666666             8
    0.27500000000000    0.12500000000000    0.41666666666666             8
    0.32500000000000    0.12500000000000    0.41666666666666             8
    0.37500000000000    0.12500000000000    0.41666666666666             8
    0.42500000000000    0.12500000000000    0.41666666666666             8
    0.47500000000000    0.12500000000000    0.41666666666666             8
    0.02500000000000    0.16071428571428    0.41666666666666             8
    0.07500000000000    0.16071428571428    0.41666666666666             8
    0.12500000000000    0.16071428571428    0.41666666666666             8
    0.17500000000000    0.16071428571428    0.41666666666666             8
    0.22500000000000    0.16071428571428    0.41666666666666             8
    0.27500000000000    0.16071428571428    0.41666666666666             8
    0.32500000000000    0.16071428571428    0.41666666666666             8
    0.37500000000000    0.16071428571428    0.41666666666666             8
    0.42500000000000    0.16071428571428    0.41666666666666             8
    0.47500000000000    0.16071428571428    0.41666666666666             8
    0.02500000000000    0.19642857142857    0.41666666666666             8
    0.07500000000000    0.19642857142857    0.41666666666666             8
    0.12500000000000    0.19642857142857    0.41666666666666             8
    0.17500000000000    0.19642857142857    0.41666666666666             8
    0.22500000000000    0.19642857142857    0.41666666666666             8
    0.27500000000000    0.19642857142857    0.41666666666666             8
    0.32500000000000    0.19642857142857    0.41666666666666             8
    0.37500000000000    0.19642857142857    0.41666666666666             8
    0.42500000000000    0.19642857142857    0.41666666666666             8
    0.47500000000000    0.19642857142857    0.41666666666666             8
    0.02500000000000    0.23214285714285    0.41666666666666             8
    0.07500000000000    0.23214285714285    0.41666666666666             8
    0.12500000000000    0.23214285714285    0.41666666666666             8
    0.17500000000000    0.23214285714285    0.41666666666666             8
    0.22500000000000    0.23214285714285    0.41666666666666             8
    0.27500000000000    0.23214285714285    0.41666666666666             8
    0.32500000000000    0.23214285714285    0.41666666666666             8
    0.37500000000000    0.23214285714285    0.41666666666666             8
    0.42500000000000    0.23214285714285    0.41666666666666             8
    0.47500000000000    0.23214285714285    0.41666666666666             8
    0.02500000000000    0.26785714285715    0.41666666666666             8
    0.07500000000000    0.26785714285715    0.41666666666666             8
    0.12500000000000    0.26785714285715    0.41666666666666             8
    0.17500000000000    0.26785714285715    0.41666666666666             8
    0.22500000000000    0.26785714285715    0.41666666666666             8
    0.27500000000000    0.26785714285715    0.41666666666666             8
    0.32500000000000    0.26785714285715    0.41666666666666             8
    0.37500000000000    0.26785714285715    0.41666666666666             8
    0.42500000000000    0.26785714285715    0.41666666666666             8
    0.47500000000000    0.26785714285715    0.41666666666666             8
    0.02500000000000    0.30357142857143    0.41666666666666             8
    0.07500000000000    0.30357142857143    0.41666666666666             8
    0.12500000000000    0.30357142857143    0.41666666666666             8
    0.17500000000000    0.30357142857143    0.41666666666666             8
    0.22500000000000    0.30357142857143    0.41666666666666             8
    0.27500000000000    0.30357142857143    0.41666666666666             8
    0.32500000000000    0.30357142857143    0.41666666666666             8
    0.37500000000000    0.30357142857143    0.41666666666666             8
    0.42500000000000    0.30357142857143    0.41666666666666             8
    0.47500000000000    0.30357142857143    0.41666666666666             8
    0.02500000000000    0.33928571428572    0.41666666666666             8
    0.07500000000000    0.33928571428572    0.41666666666666             8
    0.12500000000000    0.33928571428572    0.41666666666666             8
    0.17500000000000    0.33928571428572    0.41666666666666             8
    0.22500000000000    0.33928571428572    0.41666666666666             8
    0.27500000000000    0.33928571428572    0.41666666666666             8
    0.32500000000000    0.33928571428572    0.41666666666666             8
    0.37500000000000    0.33928571428572    0.41666666666666             8
    0.42500000000000    0.33928571428572    0.41666666666666             8
    0.47500000000000    0.33928571428572    0.41666666666666             8
    0.02500000000000    0.37500000000000    0.41666666666666             8
    0.07500000000000    0.37500000000000    0.41666666666666             8
    0.12500000000000    0.37500000000000    0.41666666666666             8
    0.17500000000000    0.37500000000000    0.41666666666666             8
    0.22500000000000    0.37500000000000    0.41666666666666             8
    0.27500000000000    0.37500000000000    0.41666666666666             8
    0.32500000000000    0.37500000000000    0.41666666666666             8
    0.37500000000000    0.37500000000000    0.41666666666666             8
    0.42500000000000    0.37500000000000    0.41666666666666             8
    0.47500000000000    0.37500000000000    0.41666666666666             8
    0.02500000000000    0.41071428571428    0.41666666666666             8
    0.07500000000000    0.41071428571428    0.41666666666666             8
    0.12500000000000    0.41071428571428    0.41666666666666             8
    0.17500000000000    0.41071428571428    0.41666666666666             8
    0.22500000000000    0.41071428571428    0.41666666666666             8
    0.27500000000000    0.41071428571428    0.41666666666666             8
    0.32500000000000    0.41071428571428    0.41666666666666             8
    0.37500000000000    0.41071428571428    0.41666666666666             8
    0.42500000000000    0.41071428571428    0.41666666666666             8
    0.47500000000000    0.41071428571428    0.41666666666666             8
    0.02500000000000    0.44642857142857    0.41666666666666             8
    0.07500000000000    0.44642857142857    0.41666666666666             8
    0.12500000000000    0.44642857142857    0.41666666666666             8
    0.17500000000000    0.44642857142857    0.41666666666666             8
    0.22500000000000    0.44642857142857    0.41666666666666             8
    0.27500000000000    0.44642857142857    0.41666666666666             8
    0.32500000000000    0.44642857142857    0.41666666666666             8
    0.37500000000000    0.44642857142857    0.41666666666666             8
    0.42500000000000    0.44642857142857    0.41666666666666             8
    0.47500000000000    0.44642857142857    0.41666666666666             8
    0.02500000000000    0.48214285714285    0.41666666666666             8
    0.07500000000000    0.48214285714285    0.41666666666666             8
    0.12500000000000    0.48214285714285    0.41666666666666             8
    0.17500000000000    0.48214285714285    0.41666666666666             8
    0.22500000000000    0.48214285714285    0.41666666666666             8
    0.27500000000000    0.48214285714285    0.41666666666666             8
    0.32500000000000    0.48214285714285    0.41666666666666             8
    0.37500000000000    0.48214285714285    0.41666666666666             8
    0.42500000000000    0.48214285714285    0.41666666666666             8
    0.47500000000000    0.48214285714285    0.41666666666666             8
    0.02500000000000    0.01785714285715    0.47222222222222             8
    0.07500000000000    0.01785714285715    0.47222222222222             8
    0.12500000000000    0.01785714285715    0.47222222222222             8
    0.17500000000000    0.01785714285715    0.47222222222222             8
    0.22500000000000    0.01785714285715    0.47222222222222             8
    0.27500000000000    0.01785714285715    0.47222222222222             8
    0.32500000000000    0.01785714285715    0.47222222222222             8
    0.37500000000000    0.01785714285715    0.47222222222222             8
    0.42500000000000    0.01785714285715    0.47222222222222             8
    0.47500000000000    0.01785714285715    0.47222222222222             8
    0.02500000000000    0.05357142857143    0.47222222222222             8
    0.07500000000000    0.05357142857143    0.47222222222222             8
    0.12500000000000    0.05357142857143    0.47222222222222             8
    0.17500000000000    0.05357142857143    0.47222222222222             8
    0.22500000000000    0.05357142857143    0.47222222222222             8
    0.27500000000000    0.05357142857143    0.47222222222222             8
    0.32500000000000    0.05357142857143    0.47222222222222             8
    0.37500000000000    0.05357142857143    0.47222222222222             8
    0.42500000000000    0.05357142857143    0.47222222222222             8
    0.47500000000000    0.05357142857143    0.47222222222222             8
    0.02500000000000    0.08928571428572    0.47222222222222             8
    0.07500000000000    0.08928571428572    0.47222222222222             8
    0.12500000000000    0.08928571428572    0.47222222222222             8
    0.17500000000000    0.08928571428572    0.47222222222222             8
    0.22500000000000    0.08928571428572    0.47222222222222             8
    0.27500000000000    0.08928571428572    0.47222222222222             8
    0.32500000000000    0.08928571428572    0.47222222222222             8
    0.37500000000000    0.08928571428572    0.47222222222222             8
    0.42500000000000    0.08928571428572    0.47222222222222             8
    0.47500000000000    0.08928571428572    0.47222222222222             8
    0.02500000000000    0.12500000000000    0.47222222222222             8
    0.07500000000000    0.12500000000000    0.47222222222222             8
    0.12500000000000    0.12500000000000    0.47222222222222             8
    0.17500000000000    0.12500000000000    0.47222222222222             8
    0.22500000000000    0.12500000000000    0.47222222222222             8
    0.27500000000000    0.12500000000000    0.47222222222222             8
    0.32500000000000    0.12500000000000    0.47222222222222             8
    0.37500000000000    0.12500000000000    0.47222222222222             8
    0.42500000000000    0.12500000000000    0.47222222222222             8
    0.47500000000000    0.12500000000000    0.47222222222222             8
    0.02500000000000    0.16071428571428    0.47222222222222             8
    0.07500000000000    0.16071428571428    0.47222222222222             8
    0.12500000000000    0.16071428571428    0.47222222222222             8
    0.17500000000000    0.16071428571428    0.47222222222222             8
    0.22500000000000    0.16071428571428    0.47222222222222             8
    0.27500000000000    0.16071428571428    0.47222222222222             8
    0.32500000000000    0.16071428571428    0.47222222222222             8
    0.37500000000000    0.16071428571428    0.47222222222222             8
    0.42500000000000    0.16071428571428    0.47222222222222             8
    0.47500000000000    0.16071428571428    0.47222222222222             8
    0.02500000000000    0.19642857142857    0.47222222222222             8
    0.07500000000000    0.19642857142857    0.47222222222222             8
    0.12500000000000    0.19642857142857    0.47222222222222             8
    0.17500000000000    0.19642857142857    0.47222222222222             8
    0.22500000000000    0.19642857142857    0.47222222222222             8
    0.27500000000000    0.19642857142857    0.47222222222222             8
    0.32500000000000    0.19642857142857    0.47222222222222             8
    0.37500000000000    0.19642857142857    0.47222222222222             8
    0.42500000000000    0.19642857142857    0.47222222222222             8
    0.47500000000000    0.19642857142857    0.47222222222222             8
    0.02500000000000    0.23214285714285    0.47222222222222             8
    0.07500000000000    0.23214285714285    0.47222222222222             8
    0.12500000000000    0.23214285714285    0.47222222222222             8
    0.17500000000000    0.23214285714285    0.47222222222222             8
    0.22500000000000    0.23214285714285    0.47222222222222             8
    0.27500000000000    0.23214285714285    0.47222222222222             8
    0.32500000000000    0.23214285714285    0.47222222222222             8
    0.37500000000000    0.23214285714285    0.47222222222222             8
    0.42500000000000    0.23214285714285    0.47222222222222             8
    0.47500000000000    0.23214285714285    0.47222222222222             8
    0.02500000000000    0.26785714285715    0.47222222222222             8
    0.07500000000000    0.26785714285715    0.47222222222222             8
    0.12500000000000    0.26785714285715    0.47222222222222             8
    0.17500000000000    0.26785714285715    0.47222222222222             8
    0.22500000000000    0.26785714285715    0.47222222222222             8
    0.27500000000000    0.26785714285715    0.47222222222222             8
    0.32500000000000    0.26785714285715    0.47222222222222             8
    0.37500000000000    0.26785714285715    0.47222222222222             8
    0.42500000000000    0.26785714285715    0.47222222222222             8
    0.47500000000000    0.26785714285715    0.47222222222222             8
    0.02500000000000    0.30357142857143    0.47222222222222             8
    0.07500000000000    0.30357142857143    0.47222222222222             8
    0.12500000000000    0.30357142857143    0.47222222222222             8
    0.17500000000000    0.30357142857143    0.47222222222222             8
    0.22500000000000    0.30357142857143    0.47222222222222             8
    0.27500000000000    0.30357142857143    0.47222222222222             8
    0.32500000000000    0.30357142857143    0.47222222222222             8
    0.37500000000000    0.30357142857143    0.47222222222222             8
    0.42500000000000    0.30357142857143    0.47222222222222             8
    0.47500000000000    0.30357142857143    0.47222222222222             8
    0.02500000000000    0.33928571428572    0.47222222222222             8
    0.07500000000000    0.33928571428572    0.47222222222222             8
    0.12500000000000    0.33928571428572    0.47222222222222             8
    0.17500000000000    0.33928571428572    0.47222222222222             8
    0.22500000000000    0.33928571428572    0.47222222222222             8
    0.27500000000000    0.33928571428572    0.47222222222222             8
    0.32500000000000    0.33928571428572    0.47222222222222             8
    0.37500000000000    0.33928571428572    0.47222222222222             8
    0.42500000000000    0.33928571428572    0.47222222222222             8
    0.47500000000000    0.33928571428572    0.47222222222222             8
    0.02500000000000    0.37500000000000    0.47222222222222             8
    0.07500000000000    0.37500000000000    0.47222222222222             8
    0.12500000000000    0.37500000000000    0.47222222222222             8
    0.17500000000000    0.37500000000000    0.47222222222222             8
    0.22500000000000    0.37500000000000    0.47222222222222             8
    0.27500000000000    0.37500000000000    0.47222222222222             8
    0.32500000000000    0.37500000000000    0.47222222222222             8
    0.37500000000000    0.37500000000000    0.47222222222222             8
    0.42500000000000    0.37500000000000    0.47222222222222             8
    0.47500000000000    0.37500000000000    0.47222222222222             8
    0.02500000000000    0.41071428571428    0.47222222222222             8
    0.07500000000000    0.41071428571428    0.47222222222222             8
    0.12500000000000    0.41071428571428    0.47222222222222             8
    0.17500000000000    0.41071428571428    0.47222222222222             8
    0.22500000000000    0.41071428571428    0.47222222222222             8
    0.27500000000000    0.41071428571428    0.47222222222222             8
    0.32500000000000    0.41071428571428    0.47222222222222             8
    0.37500000000000    0.41071428571428    0.47222222222222             8
    0.42500000000000    0.41071428571428    0.47222222222222             8
    0.47500000000000    0.41071428571428    0.47222222222222             8
    0.02500000000000    0.44642857142857    0.47222222222222             8
    0.07500000000000    0.44642857142857    0.47222222222222             8
    0.12500000000000    0.44642857142857    0.47222222222222             8
    0.17500000000000    0.44642857142857    0.47222222222222             8
    0.22500000000000    0.44642857142857    0.47222222222222             8
    0.27500000000000    0.44642857142857    0.47222222222222             8
    0.32500000000000    0.44642857142857    0.47222222222222             8
    0.37500000000000    0.44642857142857    0.47222222222222             8
    0.42500000000000    0.44642857142857    0.47222222222222             8
    0.47500000000000    0.44642857142857    0.47222222222222             8
    0.02500000000000    0.48214285714285    0.47222222222222             8
    0.07500000000000    0.48214285714285    0.47222222222222             8
    0.12500000000000    0.48214285714285    0.47222222222222             8
    0.17500000000000    0.48214285714285    0.47222222222222             8
    0.22500000000000    0.48214285714285    0.47222222222222             8
    0.27500000000000    0.48214285714285    0.47222222222222             8
    0.32500000000000    0.48214285714285    0.47222222222222             8
    0.37500000000000    0.48214285714285    0.47222222222222             8
    0.42500000000000    0.48214285714285    0.47222222222222             8
    0.47500000000000    0.48214285714285    0.47222222222222             8
